TestData/TestData/Circuitscape_outputs/Patches_cum_curmap.asc
ncols         446
nrows         312
xllcorner     346910.496887
yllcorner     6375189.42688
cellsize      25.0
NODATA_value  -9999
[rows 138 to 160 of 312, columns 159 to 211 of 446]
0.487158 0.487769 0.487957 0.487869 0.487720 0.487490 0.487737 0.487825 -1.012613 0.487511 0.487437 0.487465 0.487676 0.487873 0.487971 0.487711 0.487796 0.487976 0.487764 0.487517 0.487450 0.487259 -1.047333 -0.963489 -0.877806 -0.782982 -0.767837 -0.769211 -0.781986 -0.829743 -0.900498 -0.953746 -0.991169 -1.017837 -1.044984 -1.076797 -1.107696 -1.133023 -1.149060 -1.161375 -1.172231 -1.182941 -1.193411 -1.260218 -1.282263 -1.217708 -1.228579 -1.244739 -1.264884 -1.289489 -1.319350 -1.351907 -1.362123
0.487426 0.487694 0.487827 0.487822 0.487751 0.487666 0.487687 0.487662 0.487530 0.487421 0.487289 0.487176 0.487205 0.487316 0.487369 0.487341 0.487420 0.487914 0.487902 0.487158 0.486868 -0.955396 -1.072855 -0.970835 -0.858435 -0.790812 -0.749839 -0.723351 -0.713054 -0.787873 -0.864109 -0.948252 -1.007648 -1.029315 -1.047887 -1.069149 -1.112628 -1.156677 -1.186382 -1.197001 -1.206569 -1.219097 -1.236139 -1.306777 -1.305559 -1.262378 -1.283530 -1.306116 -1.332875 -1.367231 -1.415832 -1.478107 -1.392637
0.487613 0.487753 0.487834 0.487841 0.487798 0.487735 0.487683 0.487606 0.487486 0.487352 0.487206 -1.158476 0.486921 0.486848 0.486849 0.486864 -1.159171 0.487805 -1.151468 -1.194715 -1.141999 -1.090601 -1.149730 -1.020618 -0.850936 -0.775920 -0.718525 -0.668208 -0.589709 -0.719732 -0.725051 -0.934417 -1.039500 -1.021976 -1.024677 -1.013435 -1.089759 -1.162096 -1.213499 -1.235060 -1.240955 -1.254179 -1.283051 -1.340423 -1.327534 -1.316959 -1.346071 -1.374367 -1.407031 -1.449451 -1.510776 -1.612016 -1.668499
0.487791 0.487872 0.487915 -1.122306 0.487864 0.487792 0.487704 0.487593 0.487454 0.487297 0.487126 0.486948 0.486773 0.486610 0.486471 -1.186048 -1.180053 -1.139770 -1.278298 -1.218737 -1.149584 -1.113769 -1.113536 -0.950124 -0.802079 -0.751833 -0.688130 -0.655150 -0.922228 -9999.000000 -1.085246 -1.109699 -1.131085 -0.946356 -0.966433 -0.890011 -1.076366 -1.180068 -1.234170 -1.265421 -1.270114 -1.276789 -1.308616 -1.348880 -1.375351 -1.394988 -1.422382 -1.452707 -1.488606 -1.535291 -1.601256 -1.702155 -1.840846
0.487983 0.488030 0.488043 0.488018 0.487957 0.487866 0.487749 0.487607 0.487441 0.487255 0.487052 0.486837 0.486614 0.486392 0.486177 0.485967 0.485818 0.485774 -1.279373 -1.137615 -1.049576 -1.012791 -0.967267 -0.866103 -0.794166 -0.747495 -0.636925 -0.946972 -9999.000000 -9999.000000 -1.496805 -1.344406 -1.344406 -1.402319 -9999.000000 -1.222408 -1.222594 -1.269445 -1.274773 -1.287128 -1.291597 -1.292789 -1.302844 -1.317172 -1.397821 -1.458195 -1.513768 -1.544576 -1.580596 -1.627400 -1.691886 -1.784114 -1.918147
0.488199 0.488221 -1.110213 0.488163 0.488080 0.487964 0.487819 0.487646 0.487448 0.487230 0.486991 0.486732 0.486455 0.486167 0.485877 0.485579 -1.223037 0.485269 -1.271816 -1.128091 -1.048304 -1.029083 -0.980324 -0.916359 -0.864036 -0.828382 -0.805364 -9999.000000 -9999.000000 -9999.000000 -9999.000000 -9999.000000 -9999.000000 -9999.000000 -9999.000000 -1.593696 -1.376525 -1.330568 -1.309365 -1.303138 -1.303827 -1.307222 -1.287657 -1.224052 -1.388255 -1.464146 -1.569532 -1.650764 -1.688631 -1.730911 -1.789228 -1.869642 -1.978409
0.488443 0.488447 0.488413 0.488342 -1.109213 -1.114886 0.487916 0.487708 0.487476 0.487224 0.486950 0.486645 0.486306 -1.210618 0.485583 0.485212 -1.200345 -1.132785 -1.291320 -1.178829 -1.073514 -1.044287 -1.007444 -0.967503 -0.932886 -0.909998 -0.904487 -9999.000000 -9999.000000 -9999.000000 -9999.000000 -9999.000000 -9999.000000 -9999.000000 -9999.000000 -9999.000000 -1.978585 -1.978585 -9999.000000 -9999.000000 -9999.000000 -9999.000000 -9999.000000 -1.638131 -1.502546 -1.410779 -1.569652 -1.713255 -1.794921 -1.853388 -1.900448 -1.966299 -2.054081
0.488720 0.488709 0.488654 0.488558 0.488426 0.488256 0.488044 0.487795 0.487524 0.487241 0.486939 0.486592 0.486179 0.485720 0.485301 0.484882 0.484527 -1.134980 -1.249053 -1.161550 -1.072941 -1.058438 -1.037203 -1.014796 -0.995061 -0.977834 -0.949202 -9999.000000 -9999.000000 -9999.000000 -9999.000000 -9999.000000 -9999.000000 -9999.000000 -9999.000000 -9999.000000 -9999.000000 -9999.000000 -9999.000000 -9999.000000 -9999.000000 -9999.000000 -9999.000000 -9999.000000 -9999.000000 -1.807080 -1.628271 -1.752833 -1.835129 -1.953777 -2.034531 -2.079805 -2.146612
0.489039 0.489015 0.488934 0.488810 0.488655 0.488460 0.488209 0.487904 0.487585 0.487276 0.486973 0.486606 0.486096 0.485458 0.485016 0.484624 0.483550 -1.181770 -1.298520 -1.158605 -1.089325 -1.080894 -1.070815 -1.062403 -1.060006 -1.031078 -0.904249 -1.215843 -1.487947 -1.761005 -2.102190 -9999.000000 -9999.000000 -9999.000000 -9999.000000 -9999.000000 -9999.000000 -9999.000000 -9999.000000 -9999.000000 -9999.000000 -9999.000000 -9999.000000 -9999.000000 -9999.000000 -9999.000000 -2.037304 -1.880355 -1.778164 -1.989423 -2.146538 -2.214097 -2.256363
0.489408 0.489376 0.489258 0.489094 0.488924 0.488722 0.488426 0.488027 0.487635 0.487307 0.487072 0.486816 0.486213 0.484997 0.484265 -1.244659 -1.290714 -1.282393 -1.334584 -1.138496 -1.108450 -1.106527 -1.105654 -1.109228 -1.120781 -1.124677 -1.116281 -1.267924 -1.461681 -1.677119 -1.845411 -2.315576 -9999.000000 -9999.000000 -9999.000000 -9999.000000 -9999.000000 -9999.000000 -9999.000000 -9999.000000 -9999.000000 -9999.000000 -9999.000000 -9999.000000 -9999.000000 -9999.000000 -9999.000000 -9999.000000 -2.111900 -2.129022 -2.233886 -2.331784 -2.380494
-0.910536 -0.918642 -0.933028 -0.946796 -0.946367 0.489076 0.488746 0.488143 0.487620 -1.080538 -1.091502 -1.105836 -1.177425 -1.275671 -1.290096 -1.348712 -1.304545 -1.299985 -1.294640 -1.129337 -1.130644 -1.132657 -1.138725 -1.150822 -1.173628 -1.201447 -1.242212 -1.351436 -1.513517 -1.745329 -1.975002 -2.295354 -9999.000000 -9999.000000 -9999.000000 -9999.000000 -9999.000000 -9999.000000 -9999.000000 -9999.000000 -9999.000000 -9999.000000 -9999.000000 -9999.000000 -9999.000000 -9999.000000 -9999.000000 -9999.000000 -2.467350 -2.228549 -2.319890 -2.385073 -2.437972
-0.887019 -0.890077 -0.909398 -0.928836 -0.928858 -0.919751 -0.954720 -1.017963 -1.055513 -1.098158 -1.141691 -1.220108 -1.342773 -1.484094 -1.505120 -1.504929 -1.352422 -1.346876 -1.259635 -1.138841 -1.148172 -1.156023 -1.168059 -1.185902 -1.212238 -1.251954 -1.308256 -1.389188 -1.460359 -1.654997 -1.811696 -2.295354 -9999.000000 -9999.000000 -9999.000000 -9999.000000 -9999.000000 -9999.000000 -9999.000000 -9999.000000 -9999.000000 -9999.000000 -9999.000000 -9999.000000 -9999.000000 -9999.000000 -9999.000000 -9999.000000 -9999.000000 -2.638566 -2.483381 -2.425028 -2.362412
-0.861793 -0.848643 -0.887699 -0.931104 -0.920995 -0.952939 -1.052172 -1.173315 -1.216649 -1.260858 -1.306257 -1.322026 -1.234488 -1.465996 -1.577281 -1.620472 -1.451194 -1.273252 -1.210838 -1.142899 -1.159142 -1.168313 -1.183837 -1.206464 -1.236499 -1.272925 -1.309455 -1.316996 -1.237850 -1.601194 -1.994844 -9999.000000 -9999.000000 -9999.000000 -9999.000000 -9999.000000 -9999.000000 -9999.000000 -9999.000000 -9999.000000 -9999.000000 -9999.000000 -9999.000000 -9999.000000 -9999.000000 -9999.000000 -9999.000000 -9999.000000 -9999.000000 -9999.000000 -9999.000000 -9999.000000 -2.762191
-0.843618 -0.846425 -0.955680 -1.022983 -1.014251 -1.094931 -1.197355 -1.255104 -1.258062 -1.264271 -1.290227 -1.325253 -1.358311 -9999.000000 -9999.000000 -9999.000000 -9999.000000 -1.436907 -1.262274 -1.147100 -1.159962 -1.173225 -1.193482 -1.219249 -1.249800 -1.282995 -1.311773 -1.322602 -1.307273 -9999.000000 -9999.000000 -9999.000000 -9999.000000 -9999.000000 -9999.000000 -9999.000000 -9999.000000 -9999.000000 -9999.000000 -9999.000000 -9999.000000 -9999.000000 -9999.000000 -9999.000000 -9999.000000 -9999.000000 -9999.000000 -9999.000000 -9999.000000 -9999.000000 -9999.000000 -9999.000000 -9999.000000
-0.870899 -0.929384 -1.083271 -1.117820 -1.090952 -1.129922 -1.185611 -1.185148 -1.093627 -1.012533 -1.085447 -1.181561 -1.485233 -9999.000000 -9999.000000 -9999.000000 -9999.000000 -1.465727 -1.271508 -1.120663 -1.137587 -1.158649 -1.184845 -1.215886 -1.251431 -1.290165 -1.328229 -1.353789 -1.337122 -9999.000000 -9999.000000 -9999.000000 -9999.000000 -9999.000000 -9999.000000 -9999.000000 -9999.000000 -9999.000000 -9999.000000 -9999.000000 -9999.000000 -9999.000000 -9999.000000 -9999.000000 -9999.000000 -9999.000000 -9999.000000 -9999.000000 -9999.000000 -9999.000000 -9999.000000 -9999.000000 -9999.000000
-0.886971 -0.942158 -1.007898 -0.994911 -0.974849 -0.989741 -1.016556 -0.952719 -0.937398 -0.972357 -1.323713 -1.685387 -9999.000000 -9999.000000 -9999.000000 -9999.000000 -9999.000000 -1.403716 -1.142387 -1.059117 -1.100707 -1.136116 -1.171839 -1.210331 -1.253051 -1.301613 -1.359752 -1.396198 -1.309354 -1.667978 -2.005806 -2.393452 -9999.000000 -9999.000000 -9999.000000 -9999.000000 -9999.000000 -9999.000000 -9999.000000 -9999.000000 -9999.000000 -9999.000000 -9999.000000 -9999.000000 -9999.000000 -9999.000000 -9999.000000 -9999.000000 -9999.000000 -9999.000000 -9999.000000 -9999.000000 -9999.000000
-0.884395 -0.924988 -0.956765 -0.962849 -0.964141 -0.973569 -0.981801 -0.969339 -1.142119 -1.310899 -9999.000000 -9999.000000 -9999.000000 -9999.000000 -9999.000000 -9999.000000 -1.581159 -1.181431 -1.022164 -1.033857 -1.075724 -1.117176 -1.159595 -1.204417 -1.253622 -1.310264 -1.380160 -1.478788 -1.559243 -1.766181 -2.004090 -2.200727 -2.693538 -9999.000000 -9999.000000 -9999.000000 -9999.000000 -9999.000000 -9999.000000 -9999.000000 -9999.000000 -9999.000000 -9999.000000 -9999.000000 -9999.000000 -9999.000000 -9999.000000 -9999.000000 -9999.000000 -9999.000000 -9999.000000 -9999.000000 -9999.000000
-0.882339 -0.920087 -0.935961 -0.937416 -0.945671 -0.960200 -0.959238 -1.045651 -1.223413 -1.540909 -9999.000000 -9999.000000 -9999.000000 -9999.000000 -9999.000000 -9999.000000 -1.301370 -1.109358 -0.980355 -1.014612 -1.056301 -1.101994 -1.149613 -1.199270 -1.253189 -1.314966 -1.388544 -1.482973 -1.620898 -1.842416 -2.057184 -2.347044 -2.693538 -9999.000000 -9999.000000 -9999.000000 -9999.000000 -9999.000000 -9999.000000 -9999.000000 -9999.000000 -9999.000000 -9999.000000 -9999.000000 -9999.000000 -9999.000000 -9999.000000 -9999.000000 -9999.000000 -9999.000000 -9999.000000 -9999.000000 -9999.000000
-0.900043 -0.939490 -0.930398 -0.906934 -0.922001 -0.962647 -0.867790 -1.151156 -1.534098 -9999.000000 -9999.000000 -9999.000000 -1.740068 -1.667903 -1.667903 -9999.000000 -1.031689 -0.996076 -0.962758 -0.992264 -1.038077 -1.090316 -1.143195 -1.196066 -1.252582 -1.318413 -1.392334 -1.474327 -1.577697 -1.762953 -1.898754 -2.285542 -2.744323 -9999.000000 -9999.000000 -9999.000000 -9999.000000 -9999.000000 -9999.000000 -9999.000000 -9999.000000 -9999.000000 -9999.000000 -9999.000000 -9999.000000 -9999.000000 -9999.000000 -9999.000000 -9999.000000 -9999.000000 -9999.000000 -9999.000000 -9999.000000
-1.014366 -1.000329 -0.942146 -0.914653 -1.026372 -1.124157 -1.036339 -9999.000000 -9999.000000 -9999.000000 -9999.000000 -1.543544 -1.289938 -1.305008 -1.094588 -0.974144 -0.803822 -0.959581 -0.953470 -0.958853 -1.019723 -1.084554 -1.143278 -1.196105 -1.251252 -1.325031 -1.402119 -1.464143 -1.508321 -1.806910 -2.151439 -9999.000000 -9999.000000 -9999.000000 -9999.000000 -9999.000000 -9999.000000 -9999.000000 -9999.000000 -9999.000000 -9999.000000 -9999.000000 -9999.000000 -9999.000000 -9999.000000 -9999.000000 -9999.000000 -9999.000000 -9999.000000 -9999.000000 -9999.000000 -9999.000000 -9999.000000
-1.084291 -1.029059 -0.960184 -0.999494 -1.179551 -1.234806 -1.112359 -9999.000000 -9999.000000 -9999.000000 -1.507940 -1.199763 -1.207401 -1.177477 -1.096344 -0.972328 -0.880855 -0.873675 -0.849625 -0.896241 -1.007055 -1.093926 -1.156704 -1.200552 -1.240996 -1.341804 -1.440188 -1.478997 -1.794441 -9999.000000 -9999.000000 -9999.000000 -9999.000000 -9999.000000 -9999.000000 -9999.000000 -9999.000000 -9999.000000 -9999.000000 -9999.000000 -9999.000000 -9999.000000 -9999.000000 -9999.000000 -9999.000000 -9999.000000 -9999.000000 -9999.000000 -9999.000000 -9999.000000 -9999.000000 -9999.000000 -9999.000000
-1.006792 -0.997541 -1.016667 -1.095870 -1.175745 -1.230635 -1.130826 -1.628340 -9999.000000 -1.427982 -1.133775 -1.147645 -1.172368 -1.129954 -1.053360 -0.964525 -0.889996 -0.845801 -0.827645 -0.905335 -1.043562 -1.143884 -1.198084 -1.212712 -1.186808 -1.386565 -1.571178 -1.823676 -9999.000000 -9999.000000 -9999.000000 -9999.000000 -9999.000000 -9999.000000 -9999.000000 -9999.000000 -9999.000000 -9999.000000 -9999.000000 -9999.000000 -9999.000000 -9999.000000 -9999.000000 -9999.000000 -9999.000000 -9999.000000 -9999.000000 -9999.000000 -9999.000000 -9999.000000 -9999.000000 -9999.000000 -9999.000000
-0.920709 -0.951058 -0.973608 -1.001640 -1.045263 -1.151520 -1.255600 -1.288635 -1.222853 -1.001279 -1.065375 -1.164703 -1.210317 -1.128295 -1.040967 -0.957812 -0.877454 -0.798048 -0.732577 -0.900119 -1.013295 -1.250963 -1.294867 -1.270264 -1.527564 -9999.000000 -9999.000000 -9999.000000 -9999.000000 -9999.000000 -9999.000000 -9999.000000 -9999.000000 -9999.000000 -9999.000000 -9999.000000 -9999.000000 -9999.000000 -9999.000000 -9999.000000 -9999.000000 -9999.000000 -9999.000000 -9999.000000 -9999.000000 -9999.000000 -9999.000000 -9999.000000 -9999.000000 -9999.000000 -9999.000000 -9999.000000 -9999.000000
