TestData/TestData/Circuitscape_outputs/Patches_cum_curmap.asc
ncols         446
nrows         312
xllcorner     346910.496887
yllcorner     6375189.42688
cellsize      25.0
NODATA_value  -9999
[rows 161 to 183 of 312, columns 159 to 211 of 446]
-0.939874 -0.966439 -0.988316 -1.005425 -1.033146 -1.177293 -1.322278 -1.229517 -1.112156 -0.926565 -1.104698 -1.260171 -1.439414 -1.149116 -1.041290 -0.963784 -0.878860 -0.753307 -1.043849 -9999.000000 -1.527192 -1.481472 -1.481472 -1.664183 -9999.000000 -9999.000000 -9999.000000 -9999.000000 -9999.000000 -9999.000000 -9999.000000 -9999.000000 -9999.000000 -9999.000000 -9999.000000 -9999.000000 -9999.000000 -9999.000000 -9999.000000 -9999.000000 -9999.000000 -9999.000000 -9999.000000 -9999.000000 -9999.000000 -9999.000000 -9999.000000 -9999.000000 -9999.000000 -9999.000000 -9999.000000 -9999.000000 -9999.000000
-0.961653 -0.988717 -1.009444 -1.015577 -1.098344 -1.323256 -1.366330 -1.187167 -1.130507 -1.156181 -9999.000000 -9999.000000 -9999.000000 -1.085945 -1.031104 -0.993612 -0.955020 -0.932283 -9999.000000 -9999.000000 -9999.000000 -2.083532 -2.083532 -9999.000000 -9999.000000 -9999.000000 -9999.000000 -9999.000000 -9999.000000 -9999.000000 -9999.000000 -9999.000000 -9999.000000 -9999.000000 -9999.000000 -9999.000000 -9999.000000 -9999.000000 -9999.000000 -9999.000000 -9999.000000 -9999.000000 -9999.000000 -9999.000000 -9999.000000 -9999.000000 -9999.000000 -9999.000000 -9999.000000 -9999.000000 -9999.000000 -9999.000000 -9999.000000
-0.991313 -1.020388 -1.047885 -1.077347 -1.189632 -1.334059 -1.221624 -1.131612 -1.161740 -1.251750 -1.526502 -1.337165 -1.151814 -0.913298 -1.009233 -1.030447 -1.030950 -1.045507 -9999.000000 -9999.000000 -9999.000000 -9999.000000 -9999.000000 -9999.000000 -9999.000000 -9999.000000 -9999.000000 -9999.000000 -9999.000000 -9999.000000 -9999.000000 -9999.000000 -9999.000000 -9999.000000 -9999.000000 -7.133058 -7.123199 -7.130311 -7.251117 -9999.000000 -9999.000000 -9999.000000 -9999.000000 -9999.000000 -9999.000000 -9999.000000 -9999.000000 -9999.000000 -9999.000000 -9999.000000 -9999.000000 -9999.000000 -9999.000000
-1.026270 -1.058273 -1.089952 -1.128283 -1.194252 -1.270147 -1.175776 -1.171642 -1.198286 -1.255078 -1.321591 -1.267351 -1.168222 -1.068553 -1.080024 -1.094648 -1.106278 -1.124325 -9999.000000 -9999.000000 -9999.000000 -9999.000000 -9999.000000 -9999.000000 -9999.000000 -9999.000000 -9999.000000 -9999.000000 -9999.000000 -9999.000000 -9999.000000 -9999.000000 -9999.000000 -9999.000000 -6.684860 -6.664206 -6.846475 -6.947541 -6.883795 -7.246912 -9999.000000 -9999.000000 -9999.000000 -9999.000000 -9999.000000 -9999.000000 -9999.000000 -9999.000000 -9999.000000 -7.190061 -6.753833 -6.354220 -5.931222
-1.073337 -1.102721 -1.132295 -1.167359 -1.215979 -1.272386 -1.222057 -1.204662 -1.210837 -1.257427 -1.289129 -1.263243 -1.210326 -1.164703 -1.161306 -1.174077 -1.190265 -1.180194 -9999.000000 -9999.000000 -9999.000000 -9999.000000 -9999.000000 -9999.000000 -9999.000000 -9999.000000 -9999.000000 -9999.000000 -9999.000000 -9999.000000 -9999.000000 -9999.000000 -6.056132 -6.056026 -6.107505 -6.393854 -6.577862 -6.831322 -6.832309 -7.006416 -9999.000000 -9999.000000 -9999.000000 -9999.000000 -9999.000000 -9999.000000 -9999.000000 -9999.000000 -9999.000000 -7.086370 -6.873223 -6.576158 -6.124783
-1.133955 -1.154275 -1.175800 -1.202949 -1.237790 -1.283841 -1.304666 -1.312028 -1.352239 -1.360037 -1.325418 -1.291181 -1.255049 -1.238331 -1.241734 -1.267706 -1.278675 -1.166789 -1.500105 -1.794179 -2.069502 -2.337114 -2.601930 -2.865909 -3.129760 -3.393723 -3.657929 -3.922653 -4.188687 -4.458205 -4.735805 -5.026637 -5.318349 -5.709582 -5.990271 -6.236455 -6.447413 -6.777821 -6.791230 -6.881618 -9999.000000 -9999.000000 -9999.000000 -9999.000000 -9999.000000 -9999.000000 -9999.000000 -9999.000000 -7.701946 -7.086396 -6.872389 -6.517222 -6.047647
-1.214267 -1.214481 -1.219426 -1.235785 -1.257475 -1.278575 -1.288233 -1.300952 -1.333320 -1.318618 -1.313056 -1.309281 -1.285578 -1.303424 -1.313984 -1.348100 -1.395981 -1.412750 -1.581287 -1.807049 -2.054579 -2.311330 -2.572161 -2.834834 -3.098354 -3.362267 -3.626371 -3.890632 -4.155446 -4.422974 -4.701911 -5.016086 -5.362462 -5.702558 -6.007019 -6.261409 -6.459123 -6.804837 -6.824790 -6.821803 -9999.000000 -9999.000000 -9999.000000 -9999.000000 -9999.000000 -9999.000000 -9999.000000 -9999.000000 -7.701946 -7.327614 -7.111100 -7.016891 -6.832882
-1.284936 -1.254528 -1.255711 -1.266468 -1.280640 -1.293582 -1.298942 -1.293752 -1.278629 -1.264977 -1.294920 -1.335840 -1.337394 -1.356973 -1.374499 -1.409808 -1.461101 -1.553080 -1.720484 -1.948140 -2.202146 -2.464371 -2.728991 -2.994095 -3.259100 -3.523836 -3.788181 -4.051323 -4.309718 -4.552950 -4.763097 -5.046058 -5.355498 -5.689594 -6.002225 -6.273181 -6.492955 -6.833233 -6.885135 -6.811941 -9999.000000 -8.219292 -8.219292 -8.295874 -8.800632 -9999.000000 -9999.000000 -9999.000000 -7.781461 -7.531170 -7.423820 -7.253582 -7.294495
-1.302681 -1.272165 -1.285085 -1.296202 -1.306867 -1.315684 -1.318660 -1.316661 -1.313041 -1.317144 -1.348626 -1.400481 -1.396599 -1.413527 -1.421271 -1.423101 -1.464945 -1.515860 -1.596562 -1.806254 -2.051184 -2.308347 -2.570052 -2.833462 -3.097497 -3.361734 -3.625954 -3.889730 -4.150889 -4.396126 -4.551272 -4.921394 -5.265865 -5.577298 -6.018830 -6.278870 -6.496005 -6.791089 -6.945078 -6.806564 -7.171538 -7.487517 -7.836076 -8.043315 -8.250384 -9999.000000 -9999.000000 -9999.000000 -8.074741 -7.765981 -7.745408 -7.745359 -9999.000000
-1.314095 -1.305017 -1.318897 -1.328906 -1.336899 -1.342473 -1.343533 -1.342583 -1.342117 -1.346717 -1.361025 -1.378672 -1.386099 -1.405312 -1.409536 -1.410929 -1.439567 -1.453068 -1.425229 -1.748855 -2.042567 -2.321142 -2.592432 -2.860244 -3.126381 -3.391725 -3.656812 -3.922331 -4.190310 -4.469472 -4.809492 -9999.000000 -9999.000000 -6.217067 -6.463852 -6.530555 -6.640941 -6.865341 -7.026618 -7.063060 -7.324420 -7.567342 -7.779648 -8.000449 -8.108237 -9999.000000 -9999.000000 -9999.000000 -9999.000000 -8.367637 -8.368149 -9999.000000 -9999.000000
-1.348177 -1.352262 -1.360169 -1.366674 -1.371355 -1.373120 -1.371846 -1.369636 -1.367897 -1.368401 -1.371643 -1.373574 -1.366514 -1.345695 -1.338327 -1.359304 -1.404866 -1.450186 -1.568266 -9999.000000 -9999.000000 -9999.000000 -9999.000000 -9999.000000 -9999.000000 -9999.000000 -9999.000000 -9999.000000 -9999.000000 -9999.000000 -9999.000000 -9999.000000 -9999.000000 -6.580176 -6.642632 -6.786706 -6.837734 -7.000049 -7.120131 -7.204604 -7.487272 -7.721582 -7.906163 -8.022123 -8.056920 -9999.000000 -9999.000000 -9999.000000 -9999.000000 -9999.000000 -9999.000000 -9999.000000 -9999.000000
-1.384525 -1.401088 -1.407473 -1.410133 -1.410612 -1.407729 -1.403133 -1.397996 -1.392924 -1.388363 -1.383889 -1.377578 -1.367462 -1.355928 -1.357942 -1.395099 -1.434866 -1.461835 -1.818831 -9999.000000 -6.626738 -6.626723 -6.641203 -6.832568 -7.099518 -7.476350 -9999.000000 -9999.000000 -9999.000000 -9999.000000 -9999.000000 -9999.000000 -9999.000000 -6.961925 -6.763676 -6.932182 -7.019068 -7.180925 -7.236046 -7.292794 -7.477564 -7.667294 -7.849028 -8.022123 -8.051158 -8.529384 -9999.000000 -9999.000000 -9999.000000 -9999.000000 -9999.000000 -9999.000000 -9999.000000
-1.415033 -1.458439 -1.464859 -1.460862 -1.455134 -1.446542 -1.437496 -1.428330 -1.418997 -1.409247 -1.398455 -1.385644 -1.370108 -1.352903 -1.344618 -1.434402 -1.548445 -1.715491 -9999.000000 -6.298279 -6.150277 -6.319665 -6.419760 -6.688773 -6.992846 -7.240163 -7.851374 -9999.000000 -9999.000000 -9999.000000 -9999.000000 -9999.000000 -9999.000000 -9999.000000 -7.195045 -7.073131 -7.016240 -7.322491 -7.377677 -7.399488 -7.529960 -7.677332 -7.838689 -8.014470 -8.225645 -8.529783 -9999.000000 -9999.000000 -9999.000000 -9999.000000 -9999.000000 -9999.000000 -9999.000000
-1.401655 -1.493155 -1.535502 -1.520131 -1.505297 -1.489605 -1.475151 -1.461338 -1.447405 -1.432539 -1.415960 -1.397130 -1.375081 -1.341534 -1.252644 -1.476999 -1.691446 -2.005012 -9999.000000 -5.895249 -6.085494 -6.099626 -6.214907 -6.700691 -7.044223 -7.239450 -7.850808 -9999.000000 -9999.000000 -9999.000000 -9999.000000 -9999.000000 -9999.000000 -9999.000000 -9999.000000 -9999.000000 -7.323064 -7.534588 -7.578040 -7.516367 -7.602418 -7.730742 -7.883697 -8.060709 -8.345189 -9.019129 -9999.000000 -9999.000000 -9999.000000 -9999.000000 -9999.000000 -9999.000000 -9999.000000
-1.390843 -1.519413 -1.610230 -1.588179 -1.560634 -1.536522 -1.516184 -1.497674 -1.479319 -1.459575 -1.437319 -1.413254 -1.393859 -1.400497 -1.480743 -9999.000000 -9999.000000 -9999.000000 -5.334566 -5.334551 -5.691036 -5.938145 -5.952447 -6.485043 -6.892587 -7.335642 -9999.000000 -9999.000000 -9999.000000 -9999.000000 -9999.000000 -9999.000000 -9999.000000 -9999.000000 -9999.000000 -8.298056 -7.616513 -7.770383 -7.713958 -7.518102 -7.669157 -7.818059 -7.980549 -8.171264 -8.415602 -9.257624 -9999.000000 -9999.000000 -9999.000000 -9999.000000 -9999.000000 -9999.000000 -9999.000000
-1.540526 -1.613109 -1.692126 -1.661077 -1.618658 -1.586161 -1.560438 -1.538017 -1.516184 -1.492199 -1.463004 -1.426301 -1.387541 -1.397081 -1.737931 -9999.000000 -9999.000000 -4.673570 -4.673566 -4.831216 -5.301028 -5.862991 -5.952443 -9999.000000 -9999.000000 -9999.000000 -9999.000000 -9999.000000 -9999.000000 -9999.000000 -9999.000000 -9999.000000 -9999.000000 -9999.000000 -9.214844 -8.298056 -8.069704 -8.053709 -7.932476 -7.843380 -9999.000000 -9999.000000 -9999.000000 -9999.000000 -9999.000000 -9999.000000 -9999.000000 -9999.000000 -9999.000000 -9999.000000 -9999.000000 -9999.000000 -9999.000000
-1.731223 -1.741736 -1.786573 -1.728244 -1.675123 -1.636774 -1.607522 -1.583094 -1.560180 -1.534983 -1.501155 -1.445303 -1.337721 -1.667418 -9999.000000 -9999.000000 -9999.000000 -4.175487 -4.312465 -4.490707 -4.952948 -5.647232 -6.054489 -9999.000000 -9999.000000 -9999.000000 -9999.000000 -9999.000000 -9999.000000 -9999.000000 -9999.000000 -9999.000000 -9999.000000 -9999.000000 -9.214845 -8.484694 -8.514104 -8.414727 -8.262911 -8.122657 -8.977534 -9999.000000 -9999.000000 -9999.000000 -9999.000000 -9999.000000 -9999.000000 -9999.000000 -9999.000000 -9999.000000 -9999.000000 -9999.000000 -9999.000000
-1.901957 -1.875082 -1.861310 -1.783121 -1.726919 -1.686780 -1.656785 -1.633145 -1.613215 -1.594550 -1.573849 -1.545013 -1.495213 -9999.000000 -9999.000000 -9999.000000 -3.457363 -3.457363 -3.776962 -4.211413 -4.952948 -9999.000000 -9999.000000 -9999.000000 -9999.000000 -9999.000000 -9999.000000 -9999.000000 -9999.000000 -9999.000000 -9999.000000 -9999.000000 -9999.000000 -9999.000000 -9.203096 -9.118193 -9999.000000 -9.203792 -8.870957 -8.704823 -9999.000000 -9999.000000 -9999.000000 -9999.000000 -9999.000000 -9999.000000 -9999.000000 -9999.000000 -9999.000000 -9999.000000 -9999.000000 -9999.000000 -9999.000000
-2.029842 -1.965627 -1.895982 -1.825363 -1.773163 -1.735082 -1.707065 -1.686757 -1.673172 -1.667058 -1.673106 -1.688457 -1.557704 -1.881619 -2.151995 -2.396878 -2.645017 -3.007695 -3.457362 -4.211414 -9999.000000 -9999.000000 -9999.000000 -9999.000000 -9999.000000 -9999.000000 -9999.000000 -9999.000000 -9999.000000 -9999.000000 -9999.000000 -9999.000000 -9999.000000 -9999.000000 -9.293978 -9.317622 -9999.000000 -9999.000000 -9999.000000 -9999.000000 -9999.000000 -9999.000000 -9999.000000 -9999.000000 -9999.000000 -9999.000000 -9999.000000 -9999.000000 -9999.000000 -9999.000000 -9999.000000 -9999.000000 -9999.000000
-2.055400 -1.983189 -1.915523 -1.858815 -1.814479 -1.780997 -1.756768 -1.741034 -1.734360 -1.739635 -1.764792 -1.819701 -1.825499 -1.968520 -2.152741 -2.350368 -2.573391 -2.746321 -3.457363 -9999.000000 -9999.000000 -9999.000000 -9999.000000 -9999.000000 -9999.000000 -9999.000000 -9999.000000 -9999.000000 -9999.000000 -9999.000000 -9999.000000 -9999.000000 -9999.000000 -9999.000000 -9999.000000 -9999.000000 -9999.000000 -9999.000000 -9999.000000 -9999.000000 -9999.000000 -9999.000000 -9999.000000 -9999.000000 -9999.000000 -9999.000000 -9999.000000 -9999.000000 -9999.000000 -9999.000000 -9999.000000 -9999.000000 -9999.000000
-2.018260 -1.977012 -1.930602 -1.887818 -1.852062 -1.824200 -1.804403 -1.793125 -1.791845 -1.804039 -1.837017 -1.905643 -1.988235 -2.102439 -2.230784 -2.383324 -2.543774 -2.672600 -9999.000000 -9999.000000 -9999.000000 -9999.000000 -9999.000000 -9999.000000 -9999.000000 -9999.000000 -9999.000000 -9999.000000 -9999.000000 -9999.000000 -9999.000000 -9999.000000 -9999.000000 -9999.000000 -9999.000000 -9999.000000 -9999.000000 -9999.000000 -9999.000000 -9999.000000 -9999.000000 -9999.000000 -9999.000000 -9999.000000 -9999.000000 -9999.000000 -9999.000000 -9999.000000 -9999.000000 -9999.000000 -9999.000000 -9999.000000 -9999.000000
-2.002641 -1.978216 -1.946821 -1.915178 -1.887153 -1.864727 -1.849036 -1.841184 -1.842889 -1.857200 -1.889417 -1.948174 -2.045282 -2.186658 -2.336241 -2.471984 -2.585432 -2.672600 -9999.000000 -9999.000000 -9999.000000 -9999.000000 -9999.000000 -9999.000000 -9999.000000 -9999.000000 -9999.000000 -9999.000000 -9999.000000 -9999.000000 -9999.000000 -9999.000000 -9999.000000 -9999.000000 -9999.000000 -9999.000000 -9999.000000 -9999.000000 -9999.000000 -9999.000000 -9999.000000 -9999.000000 -9999.000000 -9999.000000 -9999.000000 -9999.000000 -9999.000000 -9999.000000 -9999.000000 -9999.000000 -9999.000000 -9999.000000 -9999.000000
-2.003579 -1.988235 -1.966315 -1.942703 -1.920852 -1.902958 -1.890473 -1.884618 -1.886836 -1.899219 -1.925015 -1.969262 -2.039257 -2.141629 -2.259743 -2.377523 -2.499878 -2.687207 -9999.000000 -9999.000000 -9999.000000 -9999.000000 -9999.000000 -9999.000000 -9999.000000 -9999.000000 -9999.000000 -9999.000000 -9999.000000 -9999.000000 -9999.000000 -9999.000000 -9999.000000 -9999.000000 -9999.000000 -9999.000000 -9999.000000 -9999.000000 -9999.000000 -9999.000000 -9999.000000 -9999.000000 -9999.000000 -9999.000000 -9999.000000 -9999.000000 -9999.000000 -9999.000000 -9999.000000 -9999.000000 -9999.000000 -9999.000000 -9999.000000
