TestData/TestData/Circuitscape_outputs/Patches_cum_curmap.asc
ncols         446
nrows         312
xllcorner     346910.496887
yllcorner     6375189.42688
cellsize      25.0
NODATA_value  -9999
[rows 92 to 114 of 312, columns 159 to 211 of 446]
-2.996886 -3.072540 -2.987336 -3.023780 -3.167147 -3.272420 -3.219853 -3.534539 -3.784772 -3.983213 -4.286579 -4.423115 -4.546501 -4.619754 -4.971074 -9999.000000 -9999.000000 -9999.000000 -9999.000000 -9999.000000 -9999.000000 -9999.000000 -9999.000000 -9999.000000 -6.224452 -5.622868 -5.556108 -5.595394 -5.411086 -5.621280 -9999.000000 -9999.000000 -9999.000000 -9999.000000 -9999.000000 -9999.000000 -9999.000000 -9999.000000 -9999.000000 -9999.000000 -9999.000000 -9999.000000 -9999.000000 -9999.000000 -0.503762 -0.487032 -0.479140 -0.479667 -0.488616 -0.506491 -0.534140 -0.572391 -0.622196
-2.794319 -2.867383 -2.783033 -2.847202 -3.059563 -3.176537 -3.298918 -9999.000000 -9999.000000 -4.593171 -4.593173 -4.598812 -4.727158 -4.971172 -9999.000000 -9999.000000 -9999.000000 -9999.000000 -9999.000000 -9999.000000 -9999.000000 -9999.000000 -9999.000000 -9999.000000 -9999.000000 -6.010652 -5.817606 -5.818924 -5.869466 -9999.000000 -9999.000000 -9999.000000 -9999.000000 -9999.000000 -9999.000000 -9999.000000 -9999.000000 -9999.000000 -9999.000000 -9999.000000 -9999.000000 -9999.000000 -9999.000000 -9999.000000 -0.530699 -0.517773 -0.510181 -0.510463 -0.519154 -0.536285 -0.562187 -0.597593 -0.643964
-2.576624 -2.643277 -2.555364 -2.607572 -2.923894 -3.008967 -3.431210 -9999.000000 -9999.000000 -9999.000000 -9999.000000 -9999.000000 -9999.000000 -9999.000000 -9999.000000 -9999.000000 -9999.000000 -9999.000000 -9999.000000 -9999.000000 -9999.000000 -9999.000000 -9999.000000 -9999.000000 -9999.000000 -9999.000000 -9999.000000 -9999.000000 -9999.000000 -9999.000000 -9999.000000 -9999.000000 -9999.000000 -9999.000000 -9999.000000 -9999.000000 -9999.000000 -9999.000000 -9999.000000 -9999.000000 -9999.000000 -9999.000000 -9999.000000 -9999.000000 -0.551605 -0.545411 -0.535262 -0.534720 -0.543440 -0.560094 -0.584336 -0.616860 -0.659928
-2.354194 -2.412485 -2.306583 -2.230471 -2.779914 -3.180541 -9999.000000 -9999.000000 -9999.000000 -9999.000000 -9999.000000 -9999.000000 -9999.000000 -2.143805 -2.143805 -9999.000000 -9999.000000 -9999.000000 -1.628273 -1.503391 -1.476366 -1.476366 -1.490840 -1.547177 -1.702078 -9999.000000 -9999.000000 -9999.000000 -9999.000000 -9999.000000 -9999.000000 -9999.000000 -9999.000000 -9999.000000 -9999.000000 -9999.000000 -9999.000000 -9999.000000 -9999.000000 -9999.000000 -9999.000000 -9999.000000 -9999.000000 -1.168005 -0.565594 -0.579360 -0.551908 -0.550784 -0.561248 -0.578346 -0.600855 -0.629511 -0.667424
-2.143872 -2.198127 -2.051993 -1.985691 -9999.000000 -9999.000000 -9999.000000 -9999.000000 -9999.000000 -9999.000000 -9999.000000 -9999.000000 -1.812999 -1.541745 -1.447191 -1.381227 -1.331360 -1.281300 -1.202276 -1.346356 -1.414373 -1.424873 -1.408259 -1.382382 -1.291903 -1.439672 -1.643927 -9999.000000 -9999.000000 -9999.000000 -9999.000000 -9999.000000 -9999.000000 -9999.000000 -9999.000000 -9999.000000 -9999.000000 -9999.000000 -9999.000000 -9999.000000 -9999.000000 -9999.000000 -9999.000000 -1.168005 -0.565922 -0.546383 -0.543482 -0.555715 -0.573421 -0.592716 -0.613084 -0.635708 -0.659381
-1.956402 -2.021307 -1.857656 -1.683945 -1.894206 -9999.000000 -9999.000000 -9999.000000 -9999.000000 -9999.000000 -9999.000000 -9999.000000 -1.484104 -1.384652 -1.358251 -1.316710 -1.292033 -1.273477 -1.265199 -1.323113 -1.379794 -1.369187 -1.347826 -1.324721 -1.297541 -1.310922 -1.263805 -1.455706 -1.709540 -9999.000000 -9999.000000 -9999.000000 -9999.000000 -9999.000000 -9999.000000 -9999.000000 -9999.000000 -9999.000000 -9999.000000 -9999.000000 -9999.000000 -9999.000000 -9999.000000 -9999.000000 -0.635595 -0.500801 -0.520787 -0.555731 -0.585123 -0.607379 -0.624256 -0.637722 -0.644377
-1.812429 -1.876324 -1.778739 -1.643000 -1.518137 -1.656204 -1.872259 -9999.000000 -9999.000000 -9999.000000 -9999.000000 -9999.000000 -1.227674 -1.224629 -1.241765 -1.248228 -1.251367 -1.256263 -1.270523 -1.308442 -1.340924 -1.318139 -1.297345 -1.278790 -1.264944 -1.265338 -1.270968 -1.331989 -1.365943 -1.713091 -9999.000000 -9999.000000 -9999.000000 -9999.000000 -9999.000000 -9999.000000 -9999.000000 -9999.000000 -9999.000000 -9999.000000 -9999.000000 -9999.000000 -9999.000000 -9999.000000 -0.771514 -0.351008 -0.486880 -0.557109 -0.591457 -0.619241 -0.637587 -0.641076 -0.633611
-1.726676 -1.758871 -1.728344 -1.628637 -1.538946 -1.507100 -1.500190 -9999.000000 -9999.000000 -1.409254 -1.228450 -1.106532 -0.952406 -1.093048 -1.159057 -1.192050 -1.212612 -1.231029 -1.254371 -1.288478 -1.294744 -1.271656 -1.250915 -1.233549 -1.221741 -1.219385 -1.229023 -1.262974 -1.319530 -1.463665 -9999.000000 -9999.000000 -9999.000000 -9999.000000 -9999.000000 -9999.000000 -9999.000000 -9999.000000 -9999.000000 -9999.000000 -9999.000000 -9999.000000 -9999.000000 -9999.000000 -9999.000000 -0.358234 -0.446735 -0.512941 -0.564990 -0.608277 -0.642390 -0.651539 -0.631360
-1.663900 -1.671181 -1.661812 -1.598046 -1.498853 -1.375685 -1.164395 -1.195997 -1.132272 -1.014167 -1.095882 -1.079789 -1.042307 -1.084464 -1.124664 -1.155162 -1.179829 -1.203491 -1.230366 -1.263442 -1.252840 -1.228547 -1.206676 -1.188006 -1.174048 -1.167168 -1.170284 -1.188259 -1.224464 -1.293333 -9999.000000 -9999.000000 -9999.000000 -9999.000000 -9999.000000 -9999.000000 -9999.000000 -9999.000000 -9999.000000 -9999.000000 -9999.000000 -9999.000000 -9999.000000 -0.733540 -0.475029 -0.226830 -0.388296 -0.486055 -0.553562 -0.609962 -0.653171 -0.669501 -0.650596
-1.613563 -1.604270 -1.587503 -1.550412 -1.483383 -1.397416 -1.295589 -1.227865 -1.149800 -1.088621 -1.088011 -1.077211 -1.066779 -1.081849 -1.104730 -1.128261 -1.151547 -1.175958 -1.203469 -1.234638 -1.214029 -1.188244 -1.164480 -1.143085 -1.124961 -1.111731 -1.105882 -1.110610 -1.125371 -1.123945 -1.576077 -9999.000000 -9999.000000 -9999.000000 -9999.000000 -9999.000000 -9999.000000 -9999.000000 -9999.000000 -9999.000000 -9999.000000 -0.888980 -0.598567 -0.393785 -0.423403 -0.379686 -0.445229 -0.507627 -0.562518 -0.630931 -0.676781 -0.697372 -0.684885
-1.573036 -1.553274 -1.526445 -1.491100 -1.445506 -1.383115 -1.310654 -1.227366 -1.162106 -1.114118 -1.090543 -1.074540 -1.066834 -1.072393 -1.086234 -1.104356 -1.125166 -1.148612 -1.175383 -1.203675 -1.177993 -1.150808 -1.124930 -1.100226 -1.076979 -1.056246 -1.040668 -1.036453 -1.058616 -1.149408 -1.508730 -9999.000000 -9999.000000 -9999.000000 -9999.000000 -9999.000000 -9999.000000 -9999.000000 -9999.000000 -9999.000000 -0.978937 -0.577586 -0.460957 -0.438030 -0.452314 -0.469069 -0.525702 -0.547016 -0.566777 -0.685812 -0.715867 -0.729667 -0.726855
-1.541448 -1.515230 -1.482582 -1.443314 -1.398370 -1.345268 -1.284351 -1.220835 -1.164742 -1.119201 -1.086457 -1.064068 -1.053922 -1.055348 -1.064972 -1.079979 -1.098876 -1.121124 -1.146739 -1.172499 -1.144801 -1.116633 -1.088958 -1.061097 -1.032509 -1.003156 -0.974373 -0.951385 -0.951822 -0.917149 -1.508730 -9999.000000 -9999.000000 -9999.000000 -9999.000000 -9999.000000 -9999.000000 -9999.000000 -9999.000000 -9999.000000 -0.778406 -0.612600 -0.482407 -0.625251 -0.629460 -0.621988 -0.635855 -0.593139 -0.493587 -0.862384 -0.742429 -0.752445 -0.766105
-1.518236 -1.488134 -1.451637 -1.409241 -1.368539 -1.322122 -1.269826 -1.215178 -1.162783 -1.115108 -1.074008 -1.042700 -1.030395 -1.031227 -1.039939 -1.053852 -1.071851 -1.093349 -1.117977 -1.141825 -1.114575 -1.086164 -1.057562 -1.027569 -0.994641 -0.957089 -0.913172 -0.861321 -0.802211 -0.750860 -9999.000000 -9999.000000 -9999.000000 -9999.000000 -9999.000000 -9999.000000 -9999.000000 -9999.000000 -9999.000000 -9999.000000 -0.606308 -0.578241 -0.479540 -0.709313 -0.667795 -0.669260 -0.677814 -0.659381 -0.599903 -9999.000000 -0.732320 -0.740160 -0.752848
-1.502998 -1.471192 -1.431758 -1.379773 -1.350234 -1.311273 -1.264537 -1.213896 -1.161862 -1.109033 -1.055389 -1.005742 -0.995936 -1.001046 -1.011661 -1.025919 -1.043966 -1.065456 -1.089655 -1.111899 -1.087317 -1.059628 -1.031449 -1.001338 -0.966803 -0.924847 -0.871460 -0.799104 -0.690560 -0.508382 -0.639205 -0.698472 -0.722921 -0.726292 -0.715968 -0.699342 -0.677221 -0.650965 -0.628538 -0.571756 -0.388729 -0.469019 -0.454566 -0.698939 -0.646979 -0.658566 -0.671132 -0.696097 -0.688060 -9999.000000 -0.701221 -0.738340 -0.769645
0.481185 0.481379 0.481603 0.481865 -1.344550 -1.312639 -1.268703 -1.220141 -1.168125 -1.110358 -1.039587 -0.938758 -0.950494 -0.967844 -0.982037 -0.996690 -1.015381 -1.037832 -1.062522 -1.083176 -1.062908 -1.036788 -1.010512 -0.983124 -0.950982 -0.910817 -0.860328 -0.797805 -0.723633 -0.651976 -0.683224 -0.714726 -0.733985 -0.729634 -0.711458 -0.688730 -0.660804 -0.623296 -0.561843 -0.438942 -0.354195 -0.408897 -0.518187 -0.702702 -0.650389 -0.675893 -0.702135 -0.739822 -0.782554 -1.012834 -0.630924 -0.764811 -0.836564
0.481343 0.481549 0.481782 0.482046 0.482345 0.482678 0.483042 0.483430 0.483831 0.484234 0.484629 0.485004 -0.904735 -0.940497 -0.954325 -0.966132 -0.985954 -1.010956 -1.037556 -1.056791 -1.041500 -1.016746 -0.993193 -0.972244 -0.946569 -0.912189 -0.869008 -0.819700 -0.770124 -0.733071 -0.734473 -0.746048 -0.751596 -0.736287 -0.712506 -0.684964 -0.656838 -0.626584 -0.586113 -0.527404 -0.589576 -0.697306 -0.719595 -0.709853 -0.664217 -0.694416 -0.725452 -0.762241 -0.801564 -0.841451 -0.765139 -0.833190 -0.915503
0.481479 0.481691 0.481928 0.482193 0.482488 0.482816 0.483176 0.483564 0.483978 0.484413 0.484865 0.485326 -0.947601 -0.937669 -0.930542 -0.930701 -0.954643 -0.985537 -1.016151 -1.034157 -1.025130 -0.997724 -0.975134 -0.967521 -0.953073 -0.926132 -0.889356 -0.849032 -0.813078 -0.788734 -0.781284 -0.775590 -0.765162 -0.745617 -0.718894 -0.683587 -0.656987 -0.643399 -0.637808 -0.658707 -0.735572 -0.761490 -0.709894 -0.687998 -0.686360 -0.714867 -0.746891 -0.783047 -0.818299 -0.844489 -0.844950 -0.881647 -0.934361
0.481595 0.481810 0.482046 0.482308 0.482600 0.482923 0.483280 0.483673 0.484104 0.484575 0.485091 0.485650 -0.964682 -0.932252 -0.901186 -0.877005 -0.920596 -0.963648 -0.999525 -1.008819 -1.011283 -0.976188 -0.944237 -0.969975 -0.972200 -0.949864 -0.915675 -0.879388 -0.850312 -0.831373 -0.812230 -0.785935 -0.771243 -0.761697 -0.736549 -0.675804 -0.645295 -0.652897 -0.667757 -0.697199 -0.740273 -0.788638 -0.741060 -0.723302 -0.719012 -0.734852 -0.767911 -0.808963 -0.847637 -0.875290 -0.893152 -0.921622 -0.960035
0.481693 0.481905 0.482138 0.482395 0.482679 -1.388806 0.483348 -1.336411 -1.307917 -1.277629 0.485272 0.485930 -0.975625 -0.927847 -0.868916 -0.774585 -0.893576 -0.952780 -0.979630 -0.958798 -0.958148 -0.943226 -0.866090 -0.994147 -0.999037 -0.965362 -0.924907 -0.893222 -0.872948 -0.856040 -0.816170 -0.765443 -0.766561 -0.786060 -0.799710 -0.775148 -0.878656 -1.010222 -1.047941 -1.031538 -0.983106 -0.907539 -0.784911 -0.746616 -0.733332 -0.739630 -0.784955 -0.843022 -0.894038 -0.920539 -0.936944 -0.957603 -0.986531
0.481774 0.481981 0.482206 0.482453 0.482726 0.483031 -1.361560 -1.335147 -1.306489 -1.274996 0.485372 0.486127 -0.991477 -0.941550 -0.888502 -1.128849 -9999.000000 -9999.000000 -9999.000000 -1.560858 -1.560858 -9999.000000 -1.215992 -1.108484 -1.029680 -0.950484 -0.882509 -0.879178 -0.875776 -0.877282 -0.830660 -0.845186 -0.906282 -0.905258 -0.901832 -0.931105 -1.057177 -1.043259 -0.987952 -0.956701 -0.928501 -0.867747 -0.782466 -0.753361 -0.728581 -0.708855 -0.795899 -0.895491 -0.979276 -0.983858 -0.981804 -0.989427 -1.009201
0.481840 0.482038 0.482252 0.482486 0.482742 0.483028 -1.363117 -1.337895 -1.310006 -1.278389 0.485347 0.486228 -1.009762 -0.965374 -1.226269 -9999.000000 -9999.000000 -9999.000000 -9999.000000 -9999.000000 -9999.000000 -9999.000000 -1.256035 -1.103280 -1.020036 -0.913420 -0.768844 -0.836555 -0.824936 -0.933369 -0.959943 -1.068600 -1.155518 -1.151928 -1.106712 -1.091918 -1.118640 -1.060294 -1.011905 -0.972362 -0.924797 -0.866247 -0.814637 -0.778662 -0.720034 -0.596775 -0.814768 -0.998252 -1.215207 -1.065988 -1.021188 -1.011352 -1.022690
0.481893 0.482080 0.482279 0.482494 0.482729 0.482989 -1.368058 -1.345009 0.484005 0.484481 0.485108 -1.134017 -1.017008 -1.291454 -9999.000000 -9999.000000 -9999.000000 -9999.000000 -9999.000000 -9999.000000 -9999.000000 -9999.000000 -0.983478 -1.009109 -1.020739 -0.948630 -1.152473 -9999.000000 -1.308450 -1.262166 -1.217470 -1.145198 -1.114563 -1.125073 -1.208624 -1.259111 -1.214275 -1.101285 -1.049999 -1.004855 -0.957696 -0.909821 -0.868499 -0.836667 -0.807504 -0.793377 -9999.000000 -9999.000000 -9999.000000 -1.094308 -1.029881 -1.012926 -1.021312
0.481936 0.482108 0.482290 0.482483 0.482692 -1.394569 -1.376091 -1.356230 0.483769 0.484130 0.484505 -1.234363 -1.235796 -9999.000000 -9999.000000 -9999.000000 -9999.000000 -9999.000000 -9999.000000 -1.351844 -0.995525 -0.653103 -0.653094 -0.926496 -1.114571 -1.327741 -9999.000000 -9999.000000 -1.497237 -1.274468 -1.106484 -1.005535 -1.034122 -1.027697 -1.122541 -1.194218 -1.176652 -1.119197 -1.090877 -1.047564 -0.999773 -0.956054 -0.922699 -0.903013 -0.899684 -0.927330 -9999.000000 -9999.000000 -9999.000000 -1.032958 -0.997328 -0.990173 -1.003412
