TestData/Outputs_forCircuitscape/costascii.asc
ncols         395
nrows         307
xllcorner     376438.94395223
yllcorner     6365273.3688943
cellsize      25
NODATA_value  -9999
[rows 220 to 263 of 307, columns 96 to 191 of 395]
50 50 50 50 50 50 50 50 50 50 50 50 -9999 -9999 50 31 25 25 25 25 25 25 39 50 50 50 -9999 -9999 -9999 -9999 -9999 50 50 50 50 50 -9999 50 50 50 50 50 50 -9999 -9999 -9999 -9999 -9999 -9999 -9999 -9999 -9999 50 50 50 50 50 50 50 50 50 50 50 50 50 50 50 50 50 50 50 50 50 50 50 50 38 25 25 25 25 25 25 25 25 25 25 25 25 25 25 25 25 25 25 25
50 50 50 50 50 50 50 50 50 50 50 50 50 50 50 27 25 25 25 25 25 25 44 50 50 50 -9999 -9999 -9999 -9999 -9999 50 50 50 50 50 -9999 -9999 -9999 -9999 -9999 -9999 -9999 50 50 50 -9999 -9999 -9999 -9999 -9999 -9999 50 50 50 50 -9999 -9999 -9999 50 50 50 -9999 -9999 50 50 50 50 50 50 50 50 50 50 50 50 34 25 25 25 25 25 25 25 25 25 25 25 25 25 25 25 25 25 25 25
50 50 50 50 50 50 50 50 50 50 50 50 50 50 49 25 25 25 25 25 25 25 49 50 50 50 -9999 -9999 -9999 -9999 -9999 -9999 50 50 50 -9999 -9999 -9999 -9999 -9999 -9999 -9999 -9999 50 50 50 50 50 50 50 50 50 50 50 50 50 -9999 -9999 -9999 50 50 50 -9999 -9999 50 50 50 50 -9999 -9999 -9999 -9999 -9999 -9999 50 50 31 25 25 25 25 25 25 25 25 25 25 25 25 25 25 25 25 -9999 25 25
50 50 50 50 50 50 50 50 50 50 50 50 50 50 46 25 25 -9999 25 25 25 30 50 50 50 -9999 -9999 -9999 -9999 -9999 -9999 -9999 -9999 -9999 -9999 -9999 -9999 -9999 50 50 50 50 50 50 50 50 50 50 50 50 50 50 50 50 50 50 -9999 -9999 -9999 -9999 50 -9999 -9999 -9999 50 50 50 50 -9999 -9999 -9999 -9999 -9999 -9999 50 50 28 25 25 25 25 25 25 25 30 34 37 35 26 25 25 -9999 -9999 -9999 25 25
50 50 50 50 50 50 50 50 50 50 50 50 50 50 43 25 25 -9999 25 25 25 32 50 50 50 50 -9999 50 -9999 -9999 -9999 -9999 -9999 -9999 50 50 50 50 50 50 50 50 50 50 50 50 50 50 50 50 50 50 50 50 50 -9999 -9999 -9999 -9999 -9999 -9999 -9999 -9999 50 50 50 50 -9999 50 50 -9999 -9999 -9999 -9999 50 50 25 25 25 25 25 26 35 45 50 50 50 50 49 42 39 36 34 28 25 25
50 50 50 50 50 50 50 50 50 50 50 50 50 50 39 25 -9999 25 25 25 25 29 50 50 50 50 50 50 50 50 50 50 50 50 50 50 50 50 50 50 50 50 50 50 50 50 50 50 50 50 50 -9999 -9999 -9999 -9999 -9999 -9999 -9999 -9999 -9999 -9999 -9999 -9999 50 50 50 -9999 -9999 50 50 50 -9999 -9999 -9999 50 46 25 25 25 28 -9999 -9999 50 -9999 -9999 -9999 -9999 -9999 50 50 50 50 50 50 44 30
48 42 49 50 50 50 50 50 50 50 50 50 50 50 36 25 -9999 25 25 25 25 26 50 50 50 50 50 50 50 50 50 50 50 50 50 50 50 50 50 50 50 50 50 50 50 50 50 50 50 50 -9999 -9999 -9999 -9999 -9999 -9999 -9999 -9999 -9999 -9999 -9999 -9999 50 50 50 50 -9999 50 50 50 50 -9999 -9999 -9999 50 43 25 25 32 49 -9999 50 -9999 -9999 -9999 -9999 -9999 -9999 -9999 -9999 -9999 50 50 50 50 47
25 25 41 50 50 50 50 50 50 50 50 50 50 50 33 25 25 25 25 25 25 25 47 50 50 50 50 50 50 50 50 50 50 50 50 50 50 50 50 50 50 50 50 50 50 50 50 50 50 -9999 -9999 -9999 -9999 -9999 -9999 -9999 -9999 -9999 -9999 -9999 -9999 -9999 50 50 50 50 50 50 50 50 50 -9999 -9999 -9999 50 40 25 25 40 -9999 50 50 50 -9999 -9999 -9999 -9999 -9999 -9999 -9999 -9999 50 50 50 50 50
25 25 30 50 50 50 50 50 50 50 50 50 50 50 29 25 -9999 25 25 25 25 25 39 50 50 50 50 50 50 50 50 50 50 50 50 50 50 50 50 50 50 50 50 50 50 50 50 50 50 50 -9999 -9999 50 50 -9999 -9999 -9999 -9999 -9999 -9999 -9999 50 50 50 50 50 50 50 50 50 50 -9999 -9999 -9999 50 37 25 -9999 -9999 -9999 50 50 50 -9999 -9999 -9999 -9999 -9999 -9999 -9999 -9999 -9999 -9999 50 50 50
25 25 25 44 50 50 50 50 40 49 50 50 50 50 26 25 25 25 25 25 25 25 30 50 50 50 50 50 50 50 50 50 50 50 50 50 50 50 50 50 50 50 50 50 50 50 50 50 50 50 -9999 -9999 50 50 50 -9999 -9999 -9999 -9999 -9999 -9999 50 50 50 50 50 50 50 50 50 -9999 -9999 -9999 -9999 50 38 -9999 -9999 49 50 50 50 50 50 -9999 -9999 -9999 -9999 -9999 -9999 -9999 -9999 -9999 50 50 50
25 25 25 33 50 50 49 38 25 38 50 50 50 48 25 25 25 25 25 25 25 25 25 46 50 50 50 50 50 50 50 50 50 50 50 50 50 50 50 50 50 50 50 50 50 50 50 50 50 50 50 -9999 50 50 50 -9999 -9999 -9999 -9999 50 50 50 50 50 50 50 50 50 50 50 -9999 -9999 -9999 50 50 50 -9999 -9999 50 50 50 50 50 50 -9999 -9999 -9999 -9999 50 -9999 -9999 -9999 50 50 50 50
25 25 25 25 34 32 26 25 25 25 45 50 50 41 25 25 25 25 25 25 25 25 25 34 49 50 50 50 48 50 50 50 50 50 50 50 50 50 50 50 50 50 50 50 50 50 50 50 50 50 50 50 50 50 50 50 -9999 -9999 50 50 50 50 50 50 50 50 50 50 50 50 -9999 -9999 -9999 50 50 50 -9999 -9999 50 50 50 50 50 50 -9999 -9999 -9999 50 50 50 -9999 50 50 50 50 50
-9999 25 25 25 25 25 25 25 25 25 27 45 50 49 30 25 25 25 25 25 25 25 25 25 27 29 27 25 25 37 50 50 50 50 50 50 50 50 50 50 50 50 50 50 50 50 50 50 50 50 -9999 -9999 50 50 50 50 50 50 50 50 50 50 50 50 50 50 50 50 50 50 -9999 -9999 -9999 50 50 50 -9999 -9999 50 50 50 50 50 50 50 -9999 -9999 50 50 -9999 -9999 50 50 50 47 36
-9999 25 25 25 25 25 25 25 25 25 25 26 44 50 49 35 25 25 25 25 25 25 25 25 25 25 25 25 25 34 50 50 50 50 50 50 50 50 50 50 50 50 50 50 50 50 50 50 50 -9999 -9999 -9999 -9999 50 50 50 50 50 50 50 50 50 50 50 50 50 50 50 50 50 -9999 -9999 -9999 50 50 50 -9999 -9999 -9999 50 50 50 50 50 50 -9999 -9999 -9999 50 -9999 -9999 50 49 37 26 25
-9999 -9999 25 25 25 25 25 25 25 25 25 25 25 35 47 50 41 26 25 25 25 25 25 25 25 25 25 25 25 36 50 50 50 50 50 50 50 50 50 50 50 50 50 50 50 -9999 -9999 -9999 -9999 -9999 -9999 -9999 -9999 -9999 50 50 50 50 50 50 50 50 50 50 50 50 50 50 50 50 -9999 -9999 -9999 50 50 50 50 -9999 -9999 50 50 50 50 50 50 -9999 -9999 -9999 50 50 50 50 44 25 25 25
-9999 -9999 -9999 -9999 -9999 25 25 25 25 25 25 25 25 25 26 36 48 46 30 25 25 25 25 25 25 25 25 25 25 39 50 50 50 50 50 50 50 50 50 50 50 50 50 50 50 -9999 -9999 -9999 -9999 -9999 -9999 -9999 -9999 -9999 50 50 50 50 50 50 50 50 50 50 50 50 50 50 50 50 -9999 -9999 -9999 50 50 50 50 50 -9999 -9999 50 50 50 50 50 -9999 -9999 50 50 50 50 50 49 31 25 25
-9999 -9999 -9999 -9999 -9999 -9999 -9999 -9999 25 25 25 25 25 25 25 25 26 39 49 42 30 25 25 25 25 25 25 25 25 41 50 50 50 50 50 50 50 50 50 50 50 50 50 50 50 -9999 -9999 -9999 -9999 -9999 -9999 -9999 -9999 -9999 50 50 50 50 50 50 50 50 50 50 50 50 50 50 50 50 -9999 -9999 -9999 50 50 50 50 50 -9999 -9999 50 50 50 50 50 50 50 50 50 50 50 50 50 46 26 25
-9999 -9999 -9999 -9999 -9999 -9999 -9999 -9999 -9999 25 25 25 25 25 25 25 25 25 31 46 50 41 29 25 25 25 25 25 25 43 50 50 50 50 50 50 50 50 50 50 50 50 50 50 50 50 -9999 -9999 -9999 -9999 -9999 -9999 -9999 -9999 50 50 50 50 50 50 50 50 50 50 50 50 50 50 50 50 50 -9999 -9999 50 50 50 50 50 -9999 -9999 50 50 50 50 50 50 50 50 50 50 50 50 50 50 41 26
25 25 25 -9999 -9999 -9999 -9999 -9999 -9999 25 25 25 25 25 25 25 25 25 25 26 39 49 49 38 25 25 25 25 25 46 50 50 50 50 50 50 50 50 50 50 50 50 50 50 50 50 50 50 50 50 50 -9999 -9999 50 50 50 50 50 50 50 50 50 50 50 50 50 50 50 50 50 -9999 -9999 50 50 50 50 50 50 -9999 -9999 50 50 50 50 50 50 50 50 50 50 50 50 50 50 50 47
25 25 25 25 25 25 25 -9999 -9999 25 25 25 25 25 25 25 25 25 25 25 25 31 46 50 45 30 25 25 25 48 50 50 50 50 50 50 50 50 50 50 50 50 50 50 50 50 50 50 50 50 50 50 50 50 50 50 50 50 50 50 50 50 50 50 50 50 50 50 50 50 50 50 50 50 50 50 50 50 50 50 50 50 50 50 50 50 50 50 50 50 50 50 50 50 50 50
25 25 25 25 25 25 25 -9999 25 25 25 25 25 25 25 25 25 25 25 25 25 25 26 40 50 50 44 33 26 50 50 50 50 50 50 50 50 50 50 50 50 50 50 50 50 50 50 50 50 50 50 50 50 50 50 50 50 50 50 50 50 50 50 50 50 50 50 50 50 50 50 50 50 50 50 50 50 50 50 50 50 50 50 50 50 50 50 50 50 50 50 50 50 50 50 50
25 25 25 25 25 25 25 25 25 25 25 25 25 25 25 25 25 25 25 25 25 25 25 25 31 36 47 50 47 50 50 50 50 50 50 50 50 50 50 50 50 50 50 50 50 50 50 50 50 50 50 50 50 50 50 50 50 50 50 50 50 50 50 50 50 50 50 50 50 50 50 50 50 50 50 50 50 50 50 50 50 50 50 50 50 50 50 50 50 50 50 50 50 50 50 50
25 25 25 25 25 25 25 25 25 25 25 25 25 25 25 25 25 -9999 -9999 25 25 25 25 25 25 25 25 33 46 50 50 50 50 50 50 50 50 50 50 50 50 50 50 50 50 50 50 50 50 50 50 50 50 50 50 50 50 50 50 50 50 50 50 50 50 50 50 50 50 50 50 50 50 50 50 50 50 50 50 50 50 50 50 50 50 50 50 50 50 50 50 50 50 50 50 50
25 25 25 25 25 25 25 25 25 25 25 25 25 25 25 25 25 25 -9999 -9999 25 25 25 25 25 25 25 25 25 32 45 50 50 50 50 50 50 50 50 50 50 50 50 50 50 50 50 50 50 50 50 50 50 50 50 50 50 50 50 50 50 50 50 50 50 50 50 50 50 50 50 50 50 50 50 50 50 50 50 50 50 50 50 50 50 50 50 50 50 50 50 50 50 50 50 50
25 25 -9999 25 25 25 25 25 25 25 25 25 25 25 25 25 25 25 -9999 25 25 25 25 25 25 25 25 25 25 25 25 29 38 47 50 50 50 50 50 50 50 50 50 50 50 50 50 50 50 50 50 50 50 50 50 -9999 -9999 50 50 50 50 50 50 50 50 50 50 50 50 50 50 50 50 50 50 50 50 50 50 50 50 50 50 50 50 50 50 50 50 50 50 50 50 50 50 50
25 -9999 -9999 -9999 25 25 25 25 25 25 25 25 25 25 25 25 25 25 25 25 25 25 25 25 25 25 25 25 25 25 25 25 25 25 31 40 48 50 50 50 50 50 50 50 50 50 50 50 50 50 50 50 50 50 50 -9999 -9999 50 50 50 50 50 50 50 50 50 50 50 50 50 50 50 50 50 50 50 50 50 50 50 50 50 50 50 50 50 50 50 50 50 50 50 50 50 50 50
25 25 25 25 25 25 25 25 25 25 25 25 25 25 25 25 25 25 25 25 25 25 25 25 25 25 25 25 25 25 25 25 25 25 25 25 25 33 41 49 50 50 50 50 50 50 50 50 50 50 50 50 50 50 50 50 50 50 50 50 50 50 50 50 50 50 50 50 50 50 50 50 50 50 50 50 50 50 -9999 50 50 50 50 50 50 50 50 50 50 50 50 50 50 50 50 43
25 25 25 25 25 25 25 25 25 25 25 25 25 25 25 25 25 25 25 25 25 25 25 25 25 25 25 25 25 25 25 25 25 25 25 25 25 25 25 27 36 46 50 50 50 50 50 50 50 50 50 50 50 50 50 50 50 50 50 50 50 50 50 50 50 50 50 50 50 50 50 50 50 50 50 50 50 50 50 50 50 50 50 50 50 50 50 50 50 50 50 50 50 49 36 25
25 25 25 25 25 25 25 25 25 25 25 25 25 25 25 25 25 25 25 25 25 25 25 25 25 25 25 25 25 25 25 25 25 25 25 25 25 25 25 25 25 25 36 50 50 50 50 50 50 50 50 50 50 50 50 50 50 50 50 50 50 50 50 50 50 50 50 50 50 50 50 50 50 50 50 50 50 50 50 50 50 50 50 50 50 50 50 50 50 50 50 48 37 27 25 25
25 25 25 25 25 25 25 25 25 25 25 25 25 25 25 25 25 25 25 25 25 25 25 25 25 25 25 25 25 25 25 25 25 25 25 25 25 25 25 25 25 25 25 31 44 50 50 50 50 50 50 50 50 50 50 50 50 50 50 50 50 50 50 50 50 50 50 50 50 50 50 50 50 50 50 50 50 50 50 50 50 50 50 50 50 50 50 50 50 46 35 26 25 25 25 25
25 25 25 25 25 25 25 25 25 25 25 25 25 25 25 25 25 25 25 25 25 25 25 25 25 25 25 25 25 25 25 25 25 25 25 25 25 25 25 25 25 25 25 25 26 44 50 50 50 50 50 50 50 50 50 50 50 50 50 50 50 50 50 50 50 50 50 50 50 50 50 50 50 50 50 50 50 50 50 50 50 50 50 50 50 50 47 40 32 25 25 25 25 25 25 25
25 25 25 25 25 25 25 25 25 25 25 25 25 25 25 25 25 25 25 25 25 25 25 25 25 25 25 25 25 25 25 25 25 25 25 25 25 25 25 25 25 25 25 25 25 25 42 50 50 50 50 50 50 50 50 50 50 50 50 50 50 50 50 50 50 50 50 50 50 50 50 50 50 50 50 50 50 50 50 50 50 50 50 45 38 30 25 25 25 25 25 25 25 25 25 25
25 25 25 25 25 25 25 25 25 25 25 25 25 25 25 25 25 25 25 25 25 25 25 25 25 25 25 25 25 25 25 25 25 25 25 25 25 25 25 25 25 25 25 25 25 25 25 32 46 50 50 50 50 50 50 50 50 50 50 50 50 50 50 50 50 50 50 50 50 50 50 50 50 50 50 50 50 50 50 49 43 35 28 25 25 25 25 25 25 25 25 25 25 25 25 25
25 25 25 25 25 25 25 25 25 25 25 25 25 25 25 25 25 25 25 27 30 34 35 39 40 43 45 48 49 37 25 25 25 25 25 25 25 25 25 25 25 25 25 25 25 25 25 25 25 36 49 50 50 50 50 50 50 50 50 50 50 50 50 50 50 50 50 50 50 50 50 50 50 50 50 50 50 43 34 26 25 25 25 25 25 25 25 25 25 25 25 25 25 25 25 25
25 25 25 25 25 25 25 25 25 25 25 25 25 32 39 47 54 62 69 75 75 75 75 75 75 75 75 75 75 75 72 71 55 30 25 25 25 25 25 25 25 25 25 25 25 25 25 25 25 25 27 41 50 50 50 50 50 50 50 50 50 50 50 50 50 50 50 50 50 50 50 50 50 50 46 37 28 25 25 25 25 25 25 25 25 25 25 25 25 25 25 25 25 25 25 25
25 25 25 25 25 25 25 26 40 51 58 67 73 75 75 75 75 75 75 -9999 -9999 -9999 -9999 -9999 -9999 -9999 -9999 -9999 -9999 -9999 -9999 75 75 73 52 32 25 25 25 25 25 25 25 25 25 25 25 25 25 25 25 25 31 45 50 50 50 50 50 50 50 50 50 50 50 50 50 50 50 50 50 50 50 49 26 25 25 25 25 25 25 25 25 25 25 25 25 25 25 25 25 25 25 25 25 -9999
25 25 25 25 25 37 55 71 75 -9999 75 75 75 -9999 -9999 -9999 -9999 -9999 -9999 -9999 -9999 -9999 -9999 -9999 -9999 -9999 -9999 -9999 -9999 -9999 -9999 -9999 -9999 75 75 75 67 52 37 26 25 25 25 25 25 25 25 25 25 25 25 25 25 25 34 43 50 50 50 50 50 50 50 50 50 49 47 49 50 50 50 50 50 44 25 -9999 -9999 -9999 25 25 25 25 25 25 25 25 25 25 25 25 25 25 25 25 25 -9999
27 36 45 55 69 75 -9999 -9999 -9999 -9999 -9999 -9999 -9999 -9999 -9999 -9999 -9999 -9999 -9999 -9999 -9999 -9999 -9999 -9999 -9999 -9999 -9999 -9999 -9999 -9999 -9999 -9999 -9999 -9999 75 75 75 75 75 71 57 42 28 25 25 25 25 25 25 25 25 25 25 25 25 25 28 33 35 37 36 34 32 29 27 25 25 49 50 50 50 50 50 38 -9999 -9999 -9999 -9999 -9999 25 25 25 25 25 25 25 25 25 25 25 25 25 25 25 -9999 -9999
75 75 75 75 -9999 -9999 -9999 -9999 -9999 -9999 -9999 -9999 -9999 -9999 -9999 -9999 -9999 -9999 -9999 -9999 -9999 -9999 -9999 -9999 -9999 -9999 -9999 -9999 -9999 -9999 -9999 -9999 -9999 -9999 -9999 -9999 -9999 -9999 -9999 75 75 75 74 62 47 32 25 25 25 25 25 25 25 25 25 25 25 25 25 25 25 25 25 25 25 25 27 50 50 50 50 50 50 33 -9999 -9999 -9999 -9999 -9999 25 25 25 25 25 25 25 25 25 25 25 25 25 -9999 -9999 -9999 -9999
-9999 -9999 -9999 -9999 -9999 -9999 -9999 -9999 -9999 -9999 -9999 -9999 -9999 -9999 75 75 75 75 75 75 75 75 75 -9999 -9999 -9999 -9999 -9999 -9999 -9999 -9999 -9999 -9999 -9999 -9999 -9999 -9999 -9999 -9999 -9999 -9999 -9999 75 75 75 75 67 52 37 25 25 25 25 25 25 25 25 25 25 25 25 25 25 25 25 25 31 50 50 50 50 50 50 28 -9999 -9999 -9999 -9999 -9999 25 25 25 25 -9999 -9999 25 25 25 25 25 25 -9999 -9999 -9999 -9999 -9999
-9999 -9999 -9999 -9999 -9999 -9999 -9999 -9999 -9999 -9999 -9999 -9999 -9999 75 75 75 75 75 75 75 75 75 75 75 75 75 75 75 -9999 -9999 -9999 -9999 -9999 -9999 -9999 -9999 -9999 -9999 -9999 -9999 -9999 -9999 -9999 -9999 -9999 -9999 75 75 75 71 57 42 28 25 25 25 25 25 25 25 25 25 25 25 25 25 34 50 50 -9999 -9999 50 48 25 -9999 -9999 -9999 -9999 -9999 25 25 25 -9999 -9999 -9999 -9999 -9999 25 25 -9999 -9999 -9999 -9999 -9999 -9999 -9999
-9999 -9999 -9999 -9999 -9999 -9999 -9999 -9999 75 -9999 -9999 -9999 75 75 75 75 75 75 75 75 75 75 75 75 75 75 75 75 75 75 75 75 75 -9999 -9999 -9999 -9999 -9999 -9999 -9999 -9999 -9999 -9999 -9999 -9999 -9999 -9999 -9999 -9999 -9999 75 75 74 62 47 32 25 25 25 25 25 25 25 25 25 25 38 50 50 -9999 -9999 50 42 25 -9999 -9999 -9999 -9999 -9999 25 25 -9999 -9999 -9999 -9999 -9999 -9999 -9999 -9999 -9999 -9999 -9999 -9999 -9999 -9999 -9999
-9999 -9999 -9999 -9999 75 75 75 75 75 75 -9999 -9999 75 71 69 65 65 65 65 64 60 60 62 73 75 75 75 75 75 75 75 75 75 75 75 75 75 -9999 -9999 -9999 -9999 -9999 -9999 -9999 -9999 -9999 -9999 -9999 -9999 -9999 -9999 -9999 -9999 -9999 75 75 67 52 41 31 25 25 25 25 25 25 41 50 50 -9999 -9999 50 37 -9999 -9999 -9999 -9999 -9999 -9999 -9999 -9999 -9999 -9999 -9999 -9999 -9999 -9999 -9999 -9999 -9999 -9999 -9999 -9999 -9999 -9999 25
75 75 75 75 75 75 75 75 75 74 60 46 34 25 25 25 25 25 25 25 25 25 25 26 38 51 60 60 72 75 75 75 75 75 75 75 75 75 75 75 75 -9999 -9999 -9999 -9999 -9999 -9999 -9999 -9999 -9999 -9999 -9999 -9999 -9999 -9999 -9999 -9999 75 75 75 71 61 51 41 32 38 52 50 50 50 50 50 32 -9999 -9999 -9999 -9999 -9999 -9999 -9999 -9999 -9999 -9999 -9999 -9999 -9999 -9999 -9999 -9999 -9999 -9999 -9999 -9999 -9999 25 25
