TestData/Outputs_forCircuitscape/costascii.asc
ncols         395
nrows         307
xllcorner     376438.94395223
yllcorner     6365273.3688943
cellsize      25
NODATA_value  -9999
[rows 176 to 219 of 307, columns 0 to 95 of 395]
-9999 -9999 -9999 -9999 -9999 -9999 -9999 -9999 -9999 -9999 -9999 -9999 -9999 -9999 -9999 -9999 -9999 -9999 -9999 -9999 -9999 -9999 -9999 75 75 75 75 75 75 74 59 38 25 25 25 25 25 25 25 25 25 25 25 25 25 25 25 25 25 25 25 25 25 25 25 25 25 25 25 25 25 38 50 50 50 50 50 50 50 50 50 50 50 50 50 50 50 47 34 25 25 25 25 25 25 25 25 25 25 25 25 25 25 25 25 25
-9999 -9999 -9999 -9999 -9999 -9999 -9999 -9999 -9999 -9999 -9999 -9999 -9999 -9999 -9999 -9999 -9999 -9999 -9999 -9999 -9999 75 75 75 75 75 75 75 61 33 25 25 25 25 25 25 25 25 25 25 25 25 25 25 25 25 25 25 25 25 25 25 25 25 25 25 25 25 25 25 25 26 47 50 50 50 50 50 50 50 50 50 50 50 50 49 38 26 25 25 25 25 25 25 25 25 25 25 25 25 25 25 25 -9999 -9999 25
-9999 -9999 -9999 -9999 -9999 -9999 -9999 -9999 -9999 -9999 -9999 -9999 -9999 -9999 -9999 -9999 -9999 -9999 -9999 -9999 75 75 75 75 75 75 64 41 25 25 25 25 25 25 25 25 25 25 25 25 25 25 25 25 25 25 25 25 25 25 25 25 25 25 25 25 25 25 25 25 25 25 34 50 50 47 37 31 48 50 50 50 50 50 41 28 25 25 -9999 -9999 25 25 25 25 25 25 25 25 25 25 25 25 -9999 -9999 -9999 -9999
-9999 -9999 -9999 -9999 -9999 -9999 -9999 -9999 -9999 -9999 -9999 -9999 -9999 -9999 -9999 -9999 -9999 -9999 -9999 75 75 75 75 69 50 32 25 25 25 25 25 25 25 25 25 25 25 25 25 25 25 25 25 25 25 25 25 25 25 25 25 25 25 25 25 25 25 25 25 25 25 25 25 40 33 25 25 25 32 50 50 50 44 -9999 -9999 25 25 -9999 -9999 -9999 -9999 25 25 25 25 25 25 25 25 25 25 25 -9999 -9999 -9999 -9999
-9999 -9999 -9999 -9999 -9999 -9999 -9999 -9999 -9999 -9999 -9999 -9999 -9999 -9999 -9999 -9999 -9999 -9999 75 75 72 55 37 25 25 25 25 25 25 25 25 25 25 25 25 25 25 25 25 -9999 -9999 -9999 25 25 25 25 25 25 25 25 25 25 25 25 25 25 25 25 25 25 25 25 25 25 25 25 25 27 43 50 47 34 -9999 -9999 -9999 -9999 -9999 -9999 -9999 -9999 -9999 -9999 25 25 25 25 25 25 25 25 25 25 25 25 25 25
-9999 -9999 -9999 -9999 -9999 -9999 -9999 -9999 -9999 -9999 -9999 -9999 -9999 -9999 -9999 -9999 -9999 75 70 43 26 25 25 25 25 25 25 25 25 25 25 25 25 25 25 25 25 25 -9999 -9999 -9999 -9999 -9999 25 25 25 25 25 25 25 25 25 25 25 25 25 25 25 25 25 25 25 25 25 25 25 36 48 50 40 26 25 -9999 -9999 -9999 -9999 -9999 -9999 -9999 -9999 -9999 -9999 25 25 25 25 25 25 25 25 25 25 25 25 25 25
-9999 -9999 -9999 -9999 -9999 -9999 -9999 -9999 -9999 -9999 -9999 -9999 -9999 -9999 -9999 75 75 61 29 25 25 25 25 25 25 25 25 25 25 25 25 25 25 25 25 25 -9999 -9999 -9999 -9999 -9999 -9999 -9999 -9999 25 25 25 25 25 25 25 25 25 25 25 25 25 25 25 25 25 25 25 25 31 45 50 48 33 25 25 -9999 -9999 -9999 -9999 -9999 -9999 -9999 -9999 -9999 -9999 -9999 -9999 25 25 25 25 25 25 25 25 25 25 25 25 25
-9999 -9999 -9999 -9999 -9999 -9999 -9999 -9999 -9999 -9999 -9999 -9999 -9999 -9999 75 74 48 25 25 25 25 25 25 25 25 25 25 25 25 25 25 25 25 25 -9999 -9999 -9999 -9999 -9999 -9999 25 25 -9999 -9999 25 25 25 25 25 25 25 25 25 25 25 25 25 25 25 25 25 25 28 41 50 50 43 27 25 25 -9999 -9999 -9999 -9999 -9999 -9999 -9999 -9999 -9999 -9999 -9999 -9999 -9999 25 25 25 25 25 25 25 25 25 25 25 25 25
-9999 -9999 -9999 -9999 -9999 -9999 -9999 -9999 -9999 -9999 -9999 -9999 75 75 68 35 25 25 25 25 25 25 25 25 25 25 -9999 -9999 -9999 25 25 25 25 -9999 -9999 -9999 -9999 -9999 25 25 25 25 25 25 25 25 25 25 25 25 25 25 25 25 25 25 25 25 25 25 26 38 49 50 50 44 26 25 25 25 25 -9999 -9999 -9999 -9999 -9999 -9999 -9999 -9999 -9999 -9999 -9999 -9999 -9999 25 25 25 25 25 25 25 25 25 25 25 25
-9999 -9999 -9999 -9999 -9999 -9999 -9999 -9999 -9999 -9999 -9999 75 75 57 28 25 25 25 25 25 25 25 25 25 25 -9999 -9999 -9999 -9999 -9999 -9999 -9999 -9999 -9999 -9999 -9999 -9999 -9999 25 25 25 25 25 25 25 25 25 25 25 25 25 25 25 25 25 25 25 25 25 35 48 50 50 50 46 26 25 25 25 25 -9999 -9999 -9999 -9999 -9999 -9999 -9999 -9999 -9999 -9999 -9999 -9999 25 25 25 -9999 -9999 -9999 -9999 -9999 -9999 -9999 -9999 -9999 -9999 -9999
-9999 -9999 -9999 -9999 -9999 -9999 -9999 -9999 -9999 -9999 75 75 57 25 25 25 25 25 25 25 25 25 25 25 -9999 -9999 -9999 -9999 -9999 -9999 -9999 -9999 -9999 -9999 -9999 -9999 -9999 25 25 25 25 25 25 25 25 25 25 25 25 25 25 25 25 25 25 25 25 32 46 50 50 50 50 50 38 25 25 25 25 25 -9999 -9999 -9999 -9999 -9999 -9999 -9999 -9999 -9999 -9999 -9999 -9999 25 25 25 25 -9999 -9999 -9999 -9999 -9999 -9999 -9999 -9999 -9999 -9999
-9999 -9999 -9999 -9999 -9999 -9999 -9999 -9999 -9999 -9999 75 74 33 25 25 25 25 25 25 25 25 25 25 -9999 -9999 -9999 -9999 -9999 -9999 -9999 -9999 -9999 -9999 -9999 -9999 -9999 -9999 25 25 25 25 25 25 25 25 25 25 25 25 25 25 25 25 25 25 29 43 50 50 50 50 50 50 50 32 25 25 25 25 25 25 25 -9999 -9999 -9999 -9999 25 -9999 -9999 -9999 -9999 -9999 25 25 25 -9999 -9999 -9999 -9999 -9999 -9999 -9999 -9999 -9999 -9999 -9999
-9999 -9999 -9999 -9999 -9999 -9999 -9999 -9999 -9999 -9999 75 60 25 25 25 25 25 25 25 25 25 25 -9999 -9999 -9999 -9999 -9999 -9999 -9999 -9999 -9999 -9999 -9999 -9999 -9999 -9999 -9999 25 25 25 25 25 25 25 25 25 25 25 25 25 25 25 25 27 40 49 50 49 41 33 36 44 50 50 29 25 25 25 25 25 25 25 25 25 25 25 25 25 -9999 -9999 -9999 -9999 -9999 -9999 -9999 -9999 -9999 -9999 -9999 -9999 -9999 -9999 -9999 -9999 -9999 -9999
-9999 -9999 -9999 -9999 -9999 -9999 -9999 -9999 -9999 -9999 75 36 25 25 25 25 25 25 25 25 25 25 -9999 -9999 -9999 -9999 -9999 -9999 -9999 -9999 -9999 -9999 -9999 -9999 -9999 -9999 -9999 25 25 25 25 25 25 25 25 25 25 25 25 25 25 26 37 49 50 50 42 30 25 25 25 25 40 50 42 25 25 25 25 25 25 25 25 25 25 25 25 25 25 25 25 25 25 -9999 -9999 -9999 25 25 -9999 -9999 -9999 -9999 -9999 -9999 -9999 -9999
-9999 -9999 -9999 -9999 -9999 -9999 -9999 -9999 -9999 -9999 67 25 25 25 25 25 25 25 25 25 25 25 25 -9999 -9999 -9999 -9999 -9999 -9999 -9999 -9999 -9999 -9999 -9999 -9999 -9999 -9999 25 25 25 25 25 25 25 25 25 25 25 25 25 34 47 50 50 44 31 25 25 25 25 25 25 25 45 50 32 25 25 25 25 25 25 25 25 25 25 25 25 25 25 25 25 25 25 25 25 25 25 25 25 25 25 25 25 25 -9999
-9999 -9999 -9999 -9999 -9999 -9999 -9999 -9999 -9999 -9999 68 25 25 25 25 25 25 25 25 25 25 25 25 -9999 -9999 -9999 -9999 -9999 -9999 -9999 -9999 -9999 -9999 -9999 -9999 -9999 -9999 25 25 25 25 25 25 25 25 25 25 25 31 -9999 -9999 -9999 -9999 -9999 25 25 25 25 25 25 25 25 25 29 49 46 26 25 25 25 25 25 25 25 25 25 25 25 25 25 25 25 25 25 25 25 25 25 25 25 25 25 25 25 25 25
-9999 -9999 -9999 -9999 -9999 -9999 -9999 -9999 -9999 -9999 70 25 25 25 25 25 25 25 25 25 25 25 -9999 -9999 -9999 -9999 -9999 -9999 -9999 -9999 -9999 -9999 -9999 -9999 -9999 -9999 -9999 -9999 25 25 25 25 25 25 25 25 29 42 -9999 -9999 -9999 -9999 -9999 -9999 -9999 25 25 25 25 25 25 25 25 25 36 50 37 25 25 25 25 25 25 25 25 25 25 27 30 30 30 29 27 27 27 27 25 25 25 25 25 25 25 25 25 25
-9999 -9999 -9999 -9999 -9999 -9999 -9999 -9999 -9999 -9999 70 25 25 25 25 25 25 25 25 -9999 -9999 -9999 -9999 -9999 -9999 -9999 -9999 -9999 -9999 -9999 -9999 -9999 -9999 -9999 -9999 -9999 -9999 -9999 -9999 25 25 25 25 25 27 39 49 50 -9999 -9999 -9999 -9999 -9999 -9999 -9999 25 25 25 25 25 25 25 25 25 25 44 49 28 25 -9999 -9999 -9999 25 25 25 25 25 30 50 50 50 50 50 -9999 -9999 -9999 46 33 25 25 25 25 25 25 25 25
-9999 -9999 -9999 -9999 -9999 -9999 -9999 -9999 -9999 -9999 73 26 25 25 25 25 25 25 25 -9999 -9999 -9999 25 -9999 -9999 -9999 -9999 -9999 -9999 -9999 -9999 -9999 -9999 -9999 -9999 -9999 -9999 -9999 -9999 -9999 25 25 25 36 48 50 48 36 -9999 -9999 -9999 -9999 -9999 -9999 -9999 -9999 25 25 25 25 25 25 25 -9999 25 28 49 43 25 25 -9999 -9999 -9999 25 25 25 25 25 37 50 50 50 50 -9999 -9999 -9999 50 50 46 32 25 25 25 27 42 42
-9999 -9999 -9999 -9999 -9999 -9999 -9999 -9999 -9999 -9999 75 36 25 25 25 25 25 25 25 -9999 -9999 25 25 25 -9999 -9999 -9999 -9999 -9999 -9999 -9999 -9999 -9999 -9999 -9999 -9999 -9999 -9999 -9999 -9999 25 33 46 50 49 38 26 25 25 25 25 -9999 -9999 -9999 -9999 -9999 -9999 -9999 -9999 25 25 25 -9999 -9999 25 25 37 50 33 25 25 -9999 -9999 25 25 25 25 25 25 40 50 50 50 50 -9999 -9999 -9999 -9999 50 50 44 27 25 45 50 50
-9999 -9999 -9999 -9999 -9999 -9999 -9999 -9999 -9999 -9999 75 47 25 25 25 25 25 25 25 -9999 -9999 25 25 25 -9999 -9999 -9999 -9999 -9999 -9999 -9999 -9999 -9999 -9999 -9999 -9999 -9999 -9999 -9999 -9999 -9999 -9999 50 42 28 25 25 25 25 25 25 -9999 -9999 -9999 -9999 -9999 -9999 -9999 -9999 -9999 -9999 -9999 25 25 25 25 26 47 47 26 25 -9999 -9999 25 25 25 25 25 25 25 42 50 50 50 50 50 50 -9999 50 50 50 47 42 50 50 50
-9999 -9999 -9999 -9999 -9999 -9999 -9999 -9999 -9999 -9999 75 60 25 25 25 25 25 25 25 25 -9999 -9999 25 25 -9999 -9999 -9999 -9999 -9999 -9999 -9999 -9999 -9999 -9999 -9999 -9999 -9999 -9999 -9999 -9999 -9999 -9999 -9999 25 25 25 25 25 25 25 25 -9999 -9999 -9999 -9999 -9999 -9999 -9999 -9999 -9999 -9999 -9999 25 25 25 25 25 34 50 38 25 25 -9999 -9999 25 25 25 25 25 25 26 48 50 50 50 50 50 50 50 50 50 -9999 -9999 50 50 50
-9999 -9999 -9999 -9999 -9999 -9999 -9999 -9999 -9999 -9999 -9999 72 28 25 25 25 25 25 25 25 -9999 -9999 -9999 -9999 -9999 -9999 -9999 -9999 25 25 25 25 -9999 -9999 -9999 -9999 -9999 -9999 -9999 -9999 -9999 -9999 -9999 25 25 25 25 25 25 25 -9999 -9999 -9999 -9999 -9999 -9999 -9999 -9999 -9999 -9999 -9999 -9999 25 25 25 25 25 25 45 49 29 25 25 -9999 -9999 25 25 25 25 29 43 50 50 50 50 50 50 50 50 50 50 -9999 -9999 50 50 50
-9999 -9999 -9999 -9999 -9999 -9999 -9999 -9999 -9999 -9999 -9999 75 51 25 25 25 25 25 25 25 -9999 -9999 -9999 -9999 -9999 -9999 -9999 -9999 25 25 25 25 25 -9999 -9999 -9999 -9999 -9999 -9999 -9999 -9999 -9999 -9999 -9999 25 25 25 25 25 25 -9999 -9999 -9999 -9999 -9999 -9999 -9999 -9999 -9999 -9999 -9999 -9999 25 25 25 25 25 25 32 50 43 25 25 -9999 -9999 25 25 30 41 49 50 50 50 50 50 50 50 50 50 50 50 50 50 50 50 50
-9999 -9999 -9999 -9999 -9999 -9999 -9999 -9999 -9999 -9999 -9999 75 73 29 25 25 25 25 25 25 25 25 25 25 25 -9999 -9999 -9999 25 25 25 25 25 32 -9999 -9999 -9999 -9999 -9999 -9999 -9999 -9999 -9999 -9999 -9999 -9999 25 25 -9999 -9999 -9999 -9999 -9999 -9999 -9999 -9999 -9999 -9999 -9999 -9999 -9999 -9999 25 25 25 25 25 25 25 43 50 34 25 25 25 31 42 50 50 50 50 50 50 50 50 -9999 -9999 -9999 -9999 50 50 50 50 50 50 50
-9999 -9999 -9999 -9999 -9999 -9999 -9999 -9999 -9999 -9999 -9999 -9999 75 55 25 25 25 25 25 25 25 25 25 25 25 25 -9999 -9999 -9999 25 25 27 40 50 50 47 -9999 -9999 -9999 -9999 -9999 -9999 -9999 -9999 -9999 -9999 -9999 -9999 -9999 -9999 -9999 -9999 -9999 -9999 -9999 -9999 -9999 -9999 -9999 -9999 -9999 -9999 -9999 25 25 25 25 25 25 29 49 49 30 31 43 50 50 -9999 -9999 50 50 50 50 50 50 50 -9999 -9999 -9999 -9999 50 50 50 50 50 50
-9999 -9999 -9999 -9999 -9999 -9999 -9999 -9999 -9999 -9999 -9999 -9999 -9999 74 33 25 25 25 25 25 25 25 25 25 25 25 25 -9999 25 25 33 48 50 50 44 27 25 -9999 -9999 -9999 -9999 -9999 -9999 -9999 -9999 -9999 -9999 -9999 -9999 -9999 -9999 -9999 -9999 -9999 -9999 -9999 -9999 -9999 -9999 -9999 -9999 -9999 -9999 25 25 25 25 25 25 25 40 50 49 50 50 50 50 -9999 50 50 50 50 50 50 50 50 50 -9999 -9999 -9999 50 50 50 50 50 50
-9999 -9999 -9999 -9999 -9999 -9999 -9999 -9999 -9999 -9999 -9999 -9999 -9999 75 60 25 25 25 25 25 25 25 25 25 25 25 25 25 25 41 50 50 50 39 25 25 25 25 25 -9999 -9999 -9999 -9999 -9999 -9999 -9999 -9999 -9999 -9999 -9999 -9999 -9999 -9999 -9999 -9999 -9999 -9999 -9999 -9999 -9999 -9999 -9999 -9999 25 25 25 25 25 25 25 31 50 50 50 50 50 50 -9999 -9999 50 50 50 50 50 50 50 50 50 -9999 50 50 50 50 50 50 50
-9999 -9999 -9999 -9999 -9999 -9999 -9999 -9999 -9999 -9999 -9999 -9999 -9999 -9999 75 57 25 25 25 25 25 25 25 25 25 25 25 26 44 50 50 50 35 25 25 25 25 25 25 25 -9999 -9999 -9999 -9999 -9999 -9999 -9999 -9999 -9999 -9999 -9999 -9999 -9999 -9999 -9999 -9999 -9999 -9999 -9999 -9999 -9999 -9999 -9999 25 25 25 25 25 25 25 25 48 50 50 50 50 50 -9999 -9999 50 50 50 50 50 50 50 50 50 50 50 50 -9999 -9999 50 50 50
-9999 -9999 -9999 -9999 -9999 -9999 -9999 -9999 -9999 -9999 -9999 -9999 -9999 -9999 75 75 52 25 25 25 25 25 25 25 25 25 28 46 50 50 50 39 25 25 25 25 25 25 25 25 -9999 -9999 -9999 -9999 -9999 -9999 -9999 -9999 -9999 -9999 -9999 -9999 -9999 -9999 -9999 -9999 -9999 -9999 -9999 -9999 -9999 -9999 -9999 -9999 25 25 25 25 25 25 29 -9999 -9999 50 50 50 50 -9999 -9999 50 50 50 50 50 50 50 50 50 50 50 50 50 50 50 50 50
-9999 -9999 -9999 -9999 -9999 -9999 -9999 -9999 -9999 -9999 -9999 -9999 -9999 -9999 -9999 75 75 52 25 25 25 25 25 25 25 30 47 50 50 50 44 25 25 25 25 25 25 25 25 25 25 -9999 -9999 -9999 -9999 -9999 -9999 -9999 -9999 -9999 -9999 -9999 -9999 -9999 -9999 -9999 -9999 -9999 -9999 -9999 -9999 -9999 -9999 -9999 25 25 25 25 25 25 40 -9999 -9999 50 50 50 50 50 50 50 50 50 50 50 50 50 50 50 50 50 50 50 50 50 50 50
-9999 -9999 -9999 -9999 -9999 -9999 -9999 -9999 -9999 -9999 -9999 -9999 -9999 -9999 -9999 -9999 75 75 47 25 25 25 25 25 32 48 50 50 50 48 28 25 25 25 25 25 25 25 25 25 25 25 -9999 -9999 -9999 -9999 -9999 -9999 -9999 -9999 -9999 -9999 -9999 -9999 -9999 -9999 -9999 -9999 -9999 -9999 -9999 -9999 -9999 -9999 25 25 25 25 25 25 38 50 50 -9999 50 50 50 50 50 50 50 50 50 50 50 50 50 50 50 50 50 50 50 50 50 50
-9999 -9999 -9999 -9999 -9999 -9999 -9999 -9999 -9999 -9999 -9999 -9999 -9999 -9999 -9999 -9999 -9999 75 75 46 25 25 25 29 49 50 50 50 49 31 25 25 25 25 25 25 25 25 25 25 25 25 -9999 -9999 -9999 -9999 -9999 -9999 -9999 -9999 -9999 -9999 -9999 -9999 -9999 -9999 -9999 -9999 -9999 -9999 -9999 -9999 -9999 25 25 25 25 25 25 25 32 50 50 -9999 50 50 50 50 50 50 50 50 50 50 50 50 50 50 50 50 50 50 50 -9999 -9999 50
-9999 -9999 -9999 -9999 -9999 -9999 -9999 -9999 -9999 -9999 -9999 -9999 -9999 -9999 -9999 -9999 -9999 -9999 75 74 43 25 25 42 50 50 50 50 37 25 25 25 25 25 25 25 25 25 25 25 25 25 -9999 -9999 -9999 -9999 -9999 -9999 -9999 -9999 -9999 -9999 -9999 -9999 -9999 -9999 -9999 -9999 -9999 -9999 -9999 -9999 -9999 25 25 25 25 25 25 25 27 50 50 50 50 50 50 50 50 50 50 50 50 50 50 50 50 50 50 50 50 50 -9999 -9999 50 50
-9999 -9999 -9999 -9999 -9999 -9999 -9999 -9999 -9999 -9999 -9999 -9999 -9999 -9999 -9999 -9999 -9999 -9999 -9999 75 74 60 45 50 50 50 50 42 25 25 25 25 25 25 25 25 25 25 25 25 25 25 -9999 -9999 -9999 -9999 -9999 -9999 -9999 -9999 -9999 -9999 -9999 -9999 -9999 -9999 -9999 -9999 -9999 -9999 -9999 -9999 -9999 -9999 25 25 -9999 25 25 26 42 50 50 50 50 50 50 50 50 50 50 50 50 50 50 50 50 50 50 50 -9999 -9999 -9999 50 50 50
-9999 -9999 -9999 -9999 -9999 -9999 -9999 -9999 -9999 -9999 -9999 -9999 -9999 -9999 -9999 -9999 -9999 -9999 -9999 -9999 75 75 74 57 50 50 44 25 25 25 25 25 25 25 25 25 25 25 25 25 25 25 25 -9999 -9999 -9999 -9999 -9999 -9999 -9999 -9999 -9999 -9999 -9999 -9999 -9999 -9999 -9999 -9999 -9999 -9999 -9999 -9999 -9999 25 25 -9999 -9999 31 47 50 50 50 50 50 50 50 50 -9999 50 50 50 50 50 50 50 50 50 50 50 -9999 -9999 -9999 -9999 50 50
-9999 -9999 -9999 -9999 -9999 -9999 -9999 -9999 -9999 -9999 -9999 60 -9999 -9999 -9999 -9999 -9999 -9999 -9999 -9999 -9999 75 75 74 59 44 26 25 25 25 25 25 25 25 25 25 25 25 25 25 25 25 25 25 -9999 -9999 -9999 -9999 -9999 -9999 -9999 -9999 -9999 -9999 -9999 -9999 -9999 -9999 -9999 -9999 -9999 -9999 -9999 25 25 25 25 25 30 49 50 50 50 50 50 -9999 -9999 -9999 -9999 -9999 -9999 -9999 -9999 50 50 50 50 50 50 50 50 50 -9999 -9999 -9999 50
-9999 -9999 -9999 -9999 -9999 -9999 -9999 -9999 -9999 -9999 -9999 50 -9999 -9999 -9999 -9999 -9999 -9999 -9999 -9999 -9999 75 75 75 74 36 25 25 25 25 25 25 25 25 25 25 25 25 25 25 25 25 25 25 25 25 -9999 -9999 -9999 -9999 -9999 -9999 -9999 -9999 -9999 -9999 -9999 -9999 -9999 -9999 -9999 -9999 -9999 25 25 25 25 25 25 37 50 50 50 50 50 50 -9999 -9999 -9999 -9999 -9999 -9999 -9999 50 50 50 50 50 50 50 50 50 50 -9999 -9999 -9999
-9999 -9999 -9999 -9999 -9999 -9999 -9999 -9999 -9999 -9999 -9999 50 52 72 75 -9999 -9999 -9999 -9999 -9999 -9999 -9999 75 75 75 59 25 25 25 25 25 25 25 25 25 25 25 25 25 25 25 25 25 25 25 25 25 -9999 -9999 -9999 -9999 -9999 -9999 -9999 -9999 -9999 -9999 -9999 -9999 -9999 -9999 -9999 -9999 -9999 25 25 25 25 25 25 42 50 50 50 50 50 50 -9999 -9999 50 50 50 50 50 50 50 50 50 50 50 50 50 50 -9999 -9999 50
-9999 -9999 -9999 -9999 -9999 -9999 -9999 -9999 -9999 -9999 -9999 50 50 53 72 75 -9999 -9999 -9999 -9999 -9999 -9999 -9999 75 75 75 47 25 25 25 25 25 25 25 25 25 25 25 25 25 25 25 25 25 25 25 25 25 -9999 -9999 -9999 -9999 -9999 -9999 -9999 -9999 -9999 -9999 -9999 -9999 -9999 -9999 -9999 -9999 25 25 25 25 25 25 25 -9999 -9999 50 50 50 50 50 50 50 50 50 50 50 50 50 50 50 50 50 50 50 50 50 50 50
-9999 -9999 -9999 -9999 -9999 -9999 -9999 -9999 -9999 -9999 -9999 50 50 50 53 72 75 -9999 -9999 -9999 -9999 -9999 -9999 -9999 75 75 74 43 25 25 25 25 25 25 25 25 25 25 25 25 25 25 25 25 25 25 25 25 25 -9999 -9999 -9999 -9999 -9999 -9999 -9999 -9999 -9999 -9999 -9999 -9999 -9999 -9999 -9999 25 25 25 25 25 25 -9999 -9999 -9999 -9999 43 49 50 50 50 50 50 50 50 50 50 50 50 50 50 50 50 50 50 50 50 50
-9999 -9999 -9999 -9999 -9999 -9999 -9999 -9999 -9999 -9999 -9999 50 50 50 50 53 72 75 -9999 -9999 -9999 -9999 -9999 -9999 -9999 -9999 75 74 43 25 25 25 25 25 25 25 25 25 25 25 25 25 25 25 25 25 25 25 25 25 -9999 -9999 -9999 -9999 -9999 -9999 -9999 -9999 -9999 -9999 -9999 -9999 -9999 -9999 -9999 25 25 25 25 25 -9999 -9999 -9999 -9999 -9999 -9999 -9999 45 50 -9999 50 50 50 50 50 50 50 50 50 50 50 50 50 50 50 50
-9999 -9999 -9999 -9999 -9999 -9999 -9999 -9999 -9999 -9999 -9999 50 50 50 50 50 53 72 -9999 -9999 -9999 -9999 -9999 -9999 -9999 -9999 -9999 75 74 43 25 25 25 25 25 25 25 25 25 25 25 25 25 25 25 25 25 25 25 25 -9999 -9999 -9999 -9999 -9999 -9999 -9999 -9999 -9999 -9999 -9999 -9999 -9999 -9999 -9999 -9999 -9999 25 25 -9999 -9999 -9999 -9999 -9999 -9999 -9999 -9999 -9999 -9999 -9999 -9999 48 50 50 50 50 -9999 -9999 50 50 50 50 50 50 50 50
-9999 -9999 -9999 -9999 -9999 -9999 -9999 -9999 -9999 -9999 -9999 50 50 -9999 -9999 50 50 53 72 -9999 -9999 -9999 -9999 -9999 -9999 -9999 -9999 -9999 75 74 47 25 25 25 25 25 25 25 25 25 25 25 25 25 25 25 25 25 25 25 25 25 25 27 -9999 50 50 50 -9999 -9999 -9999 -9999 -9999 -9999 -9999 -9999 -9999 -9999 -9999 -9999 -9999 -9999 -9999 -9999 -9999 -9999 -9999 -9999 -9999 -9999 -9999 -9999 29 35 41 -9999 -9999 -9999 50 50 50 50 50 50 50 50
