TestData/Outputs_forCircuitscape/costascii.asc
ncols         395
nrows         307
xllcorner     376438.94395223
yllcorner     6365273.3688943
cellsize      25
NODATA_value  -9999
[rows 132 to 175 of 307, columns 0 to 95 of 395]
-9999 -9999 -9999 -9999 -9999 -9999 25 25 25 25 25 25 25 25 25 25 25 25 25 25 25 25 25 25 25 25 25 25 25 25 25 25 25 25 25 25 25 25 25 25 25 25 25 25 25 25 25 25 25 25 25 25 25 25 25 25 25 25 25 25 25 25 25 25 25 25 25 25 25 25 25 25 25 25 25 25 25 25 25 25 25 25 25 25 25 25 25 25 25 25 25 25 25 47 75 -9999
-9999 -9999 -9999 -9999 -9999 -9999 25 25 25 25 25 25 25 25 25 25 25 25 25 25 25 25 25 25 25 25 25 25 25 25 25 25 25 25 25 25 25 25 25 25 25 25 25 25 25 25 25 25 25 25 25 25 25 25 25 25 25 25 25 25 25 25 25 25 25 25 25 25 25 25 25 -9999 -9999 25 25 25 25 25 25 25 25 25 25 25 25 25 25 25 25 25 25 25 29 72 75 -9999
-9999 -9999 -9999 -9999 -9999 -9999 25 25 25 25 25 25 25 25 25 25 25 25 25 25 25 25 25 25 25 25 25 25 25 25 25 25 25 25 25 25 25 25 25 25 25 25 25 25 25 25 25 25 25 25 25 25 25 25 25 25 25 25 25 25 25 25 25 25 25 25 25 25 25 25 25 25 25 25 25 25 25 25 25 -9999 -9999 25 25 25 25 25 25 25 25 25 25 25 56 75 -9999 -9999
-9999 -9999 -9999 -9999 -9999 -9999 -9999 25 25 25 25 25 25 25 25 25 25 25 25 25 25 25 25 25 25 25 25 25 25 25 25 25 25 25 25 25 25 25 25 25 25 25 25 25 25 25 25 25 25 25 25 25 25 25 25 25 25 25 25 25 25 25 25 25 25 25 25 25 25 25 25 25 25 25 25 25 25 25 25 -9999 -9999 25 25 25 25 25 25 25 25 25 25 36 74 -9999 -9999 -9999
-9999 -9999 -9999 -9999 -9999 -9999 -9999 25 25 25 25 25 25 25 25 25 25 25 25 25 25 25 -9999 -9999 25 25 25 25 25 25 25 25 25 25 25 25 25 25 25 25 25 25 25 25 25 25 25 25 25 25 25 25 25 25 25 25 25 25 25 25 25 25 25 25 25 25 25 25 25 25 25 25 25 25 25 25 25 25 25 25 25 25 25 25 25 25 25 25 25 25 25 64 75 -9999 -9999 -9999
-9999 -9999 -9999 -9999 -9999 -9999 -9999 25 25 25 25 25 25 25 25 25 25 25 25 -9999 -9999 -9999 -9999 -9999 -9999 -9999 -9999 -9999 -9999 25 25 25 25 25 25 25 25 25 25 25 25 25 25 25 25 25 25 25 25 25 25 25 25 25 25 25 25 25 25 25 25 25 25 25 25 25 25 25 25 25 25 25 25 25 25 25 25 25 25 25 25 25 25 25 25 25 25 25 25 26 59 75 -9999 -9999 -9999 -9999
-9999 -9999 -9999 -9999 -9999 -9999 -9999 25 25 25 25 25 25 25 25 25 -9999 -9999 -9999 -9999 -9999 -9999 -9999 -9999 -9999 25 -9999 -9999 25 25 25 25 25 25 25 25 25 25 25 25 25 25 25 25 25 25 25 25 25 25 25 25 25 25 25 25 25 25 25 25 25 25 25 25 25 25 25 25 25 25 25 25 25 25 25 25 25 25 25 25 25 25 25 25 25 25 25 25 28 63 75 -9999 -9999 -9999 -9999 75
-9999 -9999 -9999 -9999 -9999 -9999 -9999 25 25 25 25 25 25 25 25 -9999 -9999 -9999 -9999 -9999 -9999 -9999 -9999 -9999 25 25 25 25 25 25 25 25 25 25 25 25 25 25 25 25 25 25 25 25 25 25 25 25 25 25 25 25 25 25 25 25 25 25 25 25 25 25 25 25 25 25 25 25 25 25 25 25 25 25 25 25 25 25 25 25 25 25 25 25 25 25 25 30 66 75 -9999 -9999 -9999 -9999 75 75
-9999 -9999 -9999 -9999 -9999 -9999 -9999 25 25 25 25 25 -9999 -9999 -9999 -9999 -9999 -9999 -9999 -9999 -9999 -9999 -9999 -9999 25 25 25 25 25 25 25 25 25 25 25 25 25 25 25 25 25 25 25 25 25 25 25 25 25 25 25 25 25 25 25 25 25 25 25 25 25 25 25 25 25 25 25 25 25 25 25 25 25 25 25 25 25 25 25 25 25 25 25 25 25 25 32 69 75 -9999 -9999 -9999 -9999 75 75 70
-9999 -9999 -9999 -9999 -9999 -9999 -9999 25 25 25 25 -9999 -9999 -9999 -9999 -9999 -9999 -9999 -9999 -9999 -9999 -9999 -9999 25 25 25 25 25 25 25 25 25 25 25 25 25 25 25 25 25 25 25 25 25 25 25 25 25 25 25 -9999 -9999 25 25 25 25 25 25 25 25 25 25 25 25 25 25 25 25 25 25 25 25 25 25 25 25 25 25 25 25 25 25 25 25 25 36 72 75 75 -9999 -9999 -9999 75 75 73 36
-9999 -9999 -9999 -9999 -9999 -9999 -9999 25 25 25 -9999 -9999 -9999 -9999 -9999 -9999 -9999 -9999 -9999 -9999 -9999 -9999 -9999 25 25 25 25 25 25 25 25 25 25 25 25 25 25 25 -9999 25 25 25 25 25 25 25 25 25 25 25 -9999 -9999 25 25 25 25 25 25 25 25 25 25 25 25 25 25 25 25 25 25 25 25 25 25 25 25 25 25 25 25 25 25 25 25 40 73 75 75 -9999 -9999 -9999 75 75 75 44 25
-9999 -9999 -9999 -9999 -9999 -9999 -9999 25 25 -9999 -9999 -9999 -9999 -9999 -9999 -9999 -9999 -9999 -9999 25 25 25 25 25 25 25 25 25 25 25 25 -9999 -9999 25 25 25 25 25 -9999 -9999 -9999 25 25 25 25 25 25 25 25 25 25 25 25 25 25 25 25 25 25 25 25 25 25 25 25 25 25 25 25 25 25 25 25 25 25 25 25 25 25 25 25 25 25 45 74 75 75 -9999 -9999 -9999 -9999 75 75 53 25 25
-9999 -9999 -9999 -9999 -9999 -9999 -9999 25 25 25 -9999 -9999 -9999 -9999 -9999 -9999 -9999 -9999 25 25 25 25 25 25 25 25 25 25 25 25 -9999 -9999 -9999 25 25 25 25 -9999 -9999 -9999 -9999 25 25 25 25 25 25 25 25 25 25 25 25 25 25 25 25 25 25 25 25 25 25 25 25 25 25 25 25 25 25 25 25 25 25 25 25 25 25 25 25 31 61 75 75 -9999 -9999 -9999 -9999 75 75 75 61 25 25 25
-9999 -9999 -9999 -9999 -9999 -9999 -9999 25 25 25 25 -9999 -9999 -9999 -9999 -9999 -9999 -9999 25 25 25 25 25 25 25 25 25 25 25 25 25 -9999 25 25 25 25 25 -9999 -9999 -9999 -9999 25 25 25 25 25 25 25 25 25 25 25 25 25 25 25 25 25 25 25 25 25 25 25 25 25 25 25 25 25 25 25 25 25 25 25 25 25 25 25 45 72 75 75 -9999 -9999 -9999 -9999 75 75 75 67 28 25 25 25
-9999 -9999 -9999 -9999 -9999 -9999 -9999 25 25 25 25 25 -9999 -9999 -9999 -9999 -9999 -9999 -9999 25 25 25 25 25 25 25 25 25 25 25 25 25 25 25 25 -9999 -9999 -9999 -9999 -9999 -9999 25 25 25 25 25 25 25 25 25 25 25 25 25 25 -9999 25 25 25 25 25 25 25 25 25 25 25 25 25 25 25 25 25 25 25 25 25 25 31 61 75 75 -9999 -9999 -9999 -9999 -9999 75 75 75 60 28 25 25 25 25
-9999 -9999 -9999 -9999 -9999 -9999 -9999 25 25 25 25 25 -9999 -9999 -9999 -9999 -9999 -9999 -9999 -9999 25 25 25 25 25 25 25 25 25 25 25 25 -9999 -9999 25 -9999 -9999 -9999 -9999 -9999 -9999 25 25 25 25 25 25 25 25 25 25 25 -9999 -9999 -9999 -9999 -9999 25 25 25 25 25 25 25 25 25 25 25 25 25 25 25 25 25 25 25 25 45 72 75 -9999 -9999 -9999 -9999 -9999 -9999 75 75 75 52 25 25 25 25 25 25
-9999 -9999 -9999 -9999 -9999 -9999 -9999 25 25 25 25 25 -9999 -9999 -9999 -9999 -9999 -9999 -9999 -9999 25 25 25 25 25 25 25 25 25 25 -9999 -9999 -9999 -9999 25 -9999 -9999 -9999 -9999 -9999 -9999 25 25 25 25 25 25 25 25 25 25 25 -9999 -9999 -9999 -9999 -9999 25 25 25 25 25 25 25 25 25 25 25 25 25 25 25 25 25 26 45 68 75 75 -9999 -9999 -9999 -9999 -9999 -9999 75 75 73 44 25 25 25 25 25 25 25
-9999 -9999 -9999 -9999 -9999 -9999 -9999 25 25 25 25 -9999 -9999 -9999 -9999 -9999 -9999 -9999 -9999 -9999 25 25 25 25 25 25 25 25 25 25 -9999 -9999 -9999 25 25 25 -9999 -9999 -9999 -9999 25 25 25 25 25 25 25 25 -9999 25 25 -9999 -9999 -9999 -9999 -9999 -9999 25 25 25 25 25 25 25 25 25 25 25 25 25 25 25 27 46 69 75 75 -9999 -9999 -9999 -9999 -9999 -9999 -9999 75 75 70 36 25 25 25 25 25 25 25 25
-9999 -9999 -9999 -9999 -9999 -9999 -9999 -9999 -9999 -9999 -9999 -9999 -9999 -9999 -9999 -9999 -9999 -9999 -9999 25 25 25 25 25 25 25 25 25 25 -9999 -9999 -9999 -9999 25 25 25 -9999 -9999 -9999 -9999 -9999 25 25 25 25 25 25 25 -9999 -9999 -9999 -9999 25 25 25 -9999 -9999 25 25 25 25 25 25 25 25 25 25 25 25 25 27 47 70 75 75 -9999 -9999 -9999 -9999 -9999 -9999 -9999 75 75 75 66 31 25 25 25 25 25 25 25 25 25
-9999 -9999 -9999 -9999 -9999 -9999 -9999 -9999 -9999 -9999 -9999 -9999 -9999 -9999 -9999 -9999 -9999 25 25 25 25 25 -9999 -9999 -9999 -9999 25 25 -9999 -9999 -9999 -9999 -9999 25 25 25 -9999 -9999 -9999 -9999 25 25 25 25 25 25 25 25 25 -9999 -9999 25 25 25 25 25 25 25 25 25 25 25 25 25 25 25 25 25 28 50 72 75 75 -9999 -9999 -9999 -9999 -9999 -9999 -9999 -9999 75 75 75 59 27 25 25 25 25 25 25 25 25 -9999 25
-9999 -9999 -9999 -9999 -9999 -9999 -9999 -9999 -9999 -9999 -9999 -9999 -9999 -9999 -9999 -9999 25 25 25 25 -9999 -9999 -9999 -9999 -9999 -9999 -9999 -9999 -9999 -9999 -9999 -9999 -9999 -9999 -9999 -9999 -9999 -9999 -9999 25 25 25 25 25 25 25 25 25 25 25 25 25 25 25 25 25 25 25 25 25 25 25 25 25 25 31 45 56 72 75 75 -9999 -9999 -9999 -9999 -9999 -9999 -9999 -9999 75 75 75 74 48 25 25 -9999 25 25 25 25 25 25 25 -9999 -9999
-9999 -9999 -9999 -9999 -9999 -9999 -9999 -9999 -9999 -9999 -9999 -9999 -9999 -9999 25 25 25 25 25 25 -9999 -9999 -9999 -9999 -9999 -9999 -9999 -9999 -9999 -9999 -9999 -9999 -9999 -9999 -9999 -9999 -9999 -9999 -9999 25 25 25 25 25 25 25 25 25 25 25 25 25 25 25 25 25 25 25 25 25 25 25 25 29 53 74 75 75 75 -9999 -9999 -9999 -9999 -9999 -9999 -9999 -9999 75 75 75 75 68 36 25 -9999 -9999 -9999 25 25 25 25 25 -9999 -9999 -9999 -9999
-9999 -9999 -9999 -9999 -9999 -9999 -9999 -9999 -9999 -9999 -9999 -9999 -9999 -9999 25 25 25 25 25 -9999 -9999 -9999 -9999 -9999 -9999 -9999 -9999 -9999 -9999 -9999 -9999 -9999 -9999 -9999 -9999 -9999 -9999 -9999 -9999 -9999 25 25 25 25 25 25 25 25 25 25 25 25 25 25 25 25 25 25 25 25 25 28 50 72 75 75 75 -9999 -9999 -9999 -9999 -9999 -9999 -9999 -9999 -9999 75 75 75 75 57 27 25 -9999 -9999 -9999 25 25 25 25 -9999 -9999 -9999 -9999 -9999 -9999
-9999 -9999 -9999 -9999 -9999 -9999 -9999 -9999 -9999 -9999 -9999 -9999 -9999 25 25 25 25 25 -9999 -9999 -9999 -9999 -9999 -9999 -9999 -9999 -9999 -9999 -9999 -9999 -9999 -9999 -9999 -9999 -9999 -9999 -9999 -9999 -9999 -9999 25 25 25 25 25 25 25 25 25 25 25 25 25 25 25 25 25 28 41 53 65 74 75 75 -9999 -9999 -9999 -9999 -9999 -9999 -9999 -9999 -9999 -9999 -9999 75 75 75 72 43 25 -9999 -9999 -9999 25 25 25 25 25 25 -9999 -9999 -9999 -9999 -9999 -9999
-9999 -9999 -9999 -9999 -9999 -9999 -9999 -9999 -9999 -9999 -9999 -9999 -9999 25 25 25 -9999 -9999 -9999 -9999 -9999 -9999 -9999 -9999 -9999 -9999 -9999 -9999 -9999 -9999 -9999 -9999 -9999 -9999 -9999 -9999 -9999 -9999 -9999 -9999 25 25 25 25 25 25 25 25 25 25 25 25 25 25 25 35 56 73 75 75 -9999 -9999 -9999 -9999 -9999 -9999 -9999 -9999 -9999 -9999 -9999 -9999 -9999 75 75 75 75 61 32 25 -9999 -9999 -9999 -9999 25 25 25 25 25 25 -9999 -9999 25 25 25 25
-9999 -9999 -9999 -9999 -9999 -9999 -9999 -9999 -9999 25 -9999 -9999 -9999 -9999 25 -9999 -9999 -9999 -9999 -9999 -9999 -9999 -9999 -9999 -9999 -9999 -9999 -9999 -9999 -9999 -9999 -9999 -9999 -9999 -9999 -9999 -9999 -9999 -9999 -9999 25 25 25 25 25 25 25 25 25 25 25 25 26 42 64 75 75 -9999 -9999 -9999 -9999 -9999 -9999 -9999 -9999 -9999 -9999 -9999 -9999 -9999 -9999 -9999 75 75 75 67 39 25 25 25 25 -9999 -9999 25 25 25 25 25 25 25 25 25 25 25 25 25
-9999 -9999 -9999 -9999 -9999 -9999 -9999 -9999 25 25 25 -9999 -9999 -9999 -9999 -9999 -9999 -9999 -9999 -9999 -9999 -9999 -9999 -9999 -9999 -9999 -9999 -9999 -9999 -9999 -9999 -9999 -9999 -9999 -9999 -9999 -9999 -9999 -9999 25 25 25 25 25 25 25 25 25 25 25 30 50 70 75 75 -9999 -9999 -9999 -9999 -9999 -9999 -9999 -9999 -9999 -9999 -9999 -9999 -9999 -9999 -9999 -9999 75 75 71 46 26 -9999 -9999 25 25 25 -9999 -9999 25 25 25 25 25 25 25 25 25 25 25 25 25
-9999 -9999 -9999 -9999 -9999 -9999 -9999 -9999 25 25 25 -9999 -9999 -9999 -9999 -9999 -9999 -9999 -9999 -9999 -9999 -9999 -9999 -9999 -9999 -9999 -9999 -9999 -9999 -9999 -9999 -9999 -9999 -9999 -9999 -9999 -9999 25 25 25 25 25 25 25 25 25 25 29 42 58 74 -9999 -9999 -9999 -9999 -9999 -9999 -9999 -9999 -9999 -9999 -9999 -9999 -9999 -9999 -9999 -9999 -9999 -9999 75 75 74 52 28 25 25 25 25 25 25 25 25 25 25 25 25 25 25 25 25 25 25 25 25 25 25
-9999 -9999 -9999 -9999 -9999 -9999 -9999 -9999 -9999 25 -9999 -9999 -9999 -9999 -9999 -9999 -9999 -9999 -9999 -9999 -9999 -9999 -9999 -9999 -9999 -9999 -9999 -9999 -9999 -9999 -9999 -9999 25 25 25 25 25 25 25 25 25 25 25 26 37 50 65 74 -9999 -9999 -9999 -9999 -9999 -9999 -9999 -9999 -9999 -9999 -9999 -9999 -9999 -9999 -9999 -9999 -9999 -9999 -9999 75 75 75 58 31 25 -9999 -9999 -9999 25 25 25 25 25 25 25 25 25 25 25 25 25 25 25 25 25 25 25 25
-9999 -9999 -9999 -9999 -9999 -9999 -9999 -9999 -9999 -9999 -9999 -9999 -9999 -9999 -9999 -9999 -9999 -9999 -9999 -9999 -9999 -9999 -9999 -9999 -9999 -9999 -9999 -9999 -9999 -9999 -9999 25 25 25 25 25 25 25 25 25 32 45 60 72 75 -9999 -9999 -9999 -9999 -9999 -9999 -9999 -9999 -9999 -9999 -9999 -9999 -9999 -9999 -9999 -9999 -9999 -9999 -9999 75 75 75 75 64 36 25 25 -9999 -9999 -9999 25 25 25 25 25 25 25 25 25 25 25 25 25 25 25 25 25 25 25 -9999 -9999
-9999 -9999 -9999 -9999 -9999 -9999 -9999 -9999 -9999 -9999 -9999 -9999 -9999 -9999 -9999 -9999 -9999 -9999 -9999 -9999 -9999 -9999 -9999 -9999 -9999 -9999 -9999 -9999 -9999 25 25 25 25 25 25 25 28 41 55 68 75 75 75 -9999 -9999 -9999 -9999 -9999 -9999 -9999 -9999 -9999 -9999 -9999 -9999 -9999 -9999 -9999 -9999 -9999 -9999 -9999 75 75 75 74 60 40 25 25 25 -9999 -9999 -9999 25 25 25 25 25 25 25 25 25 25 25 25 25 25 25 25 25 25 25 -9999 -9999 -9999
-9999 -9999 -9999 -9999 -9999 -9999 -9999 -9999 -9999 -9999 -9999 -9999 -9999 -9999 -9999 -9999 -9999 -9999 -9999 -9999 -9999 -9999 -9999 -9999 -9999 -9999 -9999 25 25 25 25 25 25 25 38 59 74 75 75 75 -9999 -9999 -9999 -9999 -9999 -9999 -9999 -9999 -9999 -9999 -9999 -9999 -9999 -9999 -9999 -9999 -9999 -9999 -9999 75 75 75 75 68 49 30 25 25 25 25 25 25 25 25 25 25 25 25 -9999 -9999 25 -9999 -9999 25 25 25 25 25 25 25 25 -9999 -9999 -9999 -9999 -9999
-9999 -9999 -9999 -9999 -9999 -9999 -9999 -9999 -9999 -9999 -9999 -9999 -9999 -9999 -9999 -9999 -9999 -9999 -9999 -9999 -9999 -9999 -9999 -9999 -9999 25 25 25 25 25 25 28 47 -9999 75 75 -9999 -9999 -9999 -9999 -9999 -9999 -9999 -9999 -9999 -9999 -9999 -9999 -9999 -9999 -9999 -9999 -9999 -9999 -9999 -9999 75 75 75 75 75 67 38 25 25 25 25 25 25 25 25 25 -9999 25 25 25 25 25 -9999 -9999 -9999 -9999 -9999 25 25 25 -9999 25 -9999 -9999 -9999 -9999 -9999 -9999 -9999 -9999
-9999 -9999 -9999 -9999 -9999 -9999 -9999 -9999 -9999 -9999 -9999 -9999 -9999 -9999 -9999 -9999 -9999 -9999 -9999 -9999 -9999 -9999 -9999 25 25 25 25 25 25 29 -9999 -9999 -9999 -9999 -9999 -9999 -9999 -9999 -9999 -9999 -9999 -9999 -9999 -9999 -9999 -9999 -9999 -9999 -9999 -9999 -9999 -9999 -9999 75 75 75 75 75 69 53 37 26 25 25 25 25 25 25 25 25 25 -9999 -9999 -9999 -9999 -9999 -9999 -9999 -9999 -9999 -9999 25 25 25 25 25 -9999 -9999 -9999 -9999 -9999 -9999 -9999 -9999 31 46
-9999 -9999 -9999 -9999 -9999 -9999 -9999 -9999 -9999 -9999 -9999 -9999 -9999 -9999 -9999 -9999 -9999 -9999 -9999 -9999 -9999 25 25 25 25 25 25 29 52 -9999 -9999 -9999 -9999 -9999 -9999 -9999 -9999 -9999 -9999 -9999 -9999 -9999 -9999 -9999 -9999 -9999 -9999 -9999 -9999 -9999 75 75 75 75 75 75 66 43 26 25 25 25 25 25 25 25 25 25 25 -9999 -9999 -9999 -9999 -9999 -9999 -9999 -9999 -9999 -9999 -9999 25 25 25 25 25 -9999 -9999 -9999 -9999 -9999 -9999 -9999 -9999 40 50 46
-9999 -9999 -9999 -9999 -9999 -9999 -9999 -9999 -9999 -9999 -9999 -9999 -9999 -9999 -9999 -9999 -9999 -9999 -9999 -9999 25 25 25 25 25 29 52 73 -9999 -9999 -9999 -9999 -9999 -9999 -9999 -9999 -9999 -9999 -9999 -9999 -9999 -9999 -9999 -9999 -9999 75 75 75 75 75 75 75 75 75 62 39 25 25 25 25 25 25 25 25 25 25 25 25 25 -9999 -9999 -9999 -9999 -9999 -9999 -9999 -9999 -9999 -9999 -9999 -9999 25 25 -9999 -9999 -9999 -9999 -9999 25 25 25 34 48 46 33 25
-9999 -9999 -9999 -9999 -9999 -9999 -9999 -9999 -9999 -9999 -9999 -9999 -9999 -9999 -9999 -9999 -9999 -9999 -9999 25 25 25 25 37 57 73 -9999 -9999 -9999 -9999 -9999 -9999 -9999 -9999 -9999 -9999 -9999 -9999 -9999 -9999 -9999 -9999 75 75 75 75 75 75 75 75 75 74 58 35 25 25 25 25 25 25 25 25 25 25 25 25 25 25 -9999 -9999 -9999 -9999 -9999 -9999 -9999 -9999 -9999 -9999 -9999 -9999 -9999 -9999 -9999 -9999 -9999 -9999 -9999 -9999 25 32 45 47 34 25 25 25
-9999 -9999 -9999 -9999 -9999 -9999 -9999 -9999 -9999 -9999 -9999 -9999 -9999 -9999 -9999 -9999 -9999 25 25 25 28 47 67 75 -9999 -9999 -9999 -9999 -9999 -9999 -9999 -9999 -9999 -9999 -9999 -9999 -9999 -9999 -9999 -9999 75 75 75 75 75 75 75 75 75 70 53 31 25 25 25 25 25 25 25 25 25 25 25 25 25 25 25 25 25 25 -9999 -9999 -9999 -9999 -9999 -9999 -9999 -9999 -9999 25 -9999 -9999 -9999 -9999 -9999 25 25 32 45 49 38 26 25 25 25 25
-9999 -9999 -9999 -9999 -9999 -9999 -9999 -9999 -9999 -9999 -9999 -9999 -9999 -9999 -9999 -9999 25 25 31 58 73 75 -9999 -9999 -9999 -9999 -9999 -9999 -9999 -9999 -9999 -9999 -9999 -9999 -9999 -9999 -9999 75 75 75 75 75 75 75 75 74 64 49 35 25 25 25 25 25 25 25 25 25 25 25 25 25 25 25 25 25 25 25 25 25 25 25 25 25 -9999 -9999 -9999 -9999 25 25 25 25 -9999 25 25 31 43 50 41 28 25 25 25 25 25 25
-9999 -9999 -9999 -9999 -9999 -9999 -9999 -9999 -9999 -9999 -9999 -9999 -9999 -9999 -9999 25 25 43 72 75 -9999 -9999 -9999 -9999 -9999 -9999 -9999 -9999 -9999 -9999 -9999 -9999 -9999 -9999 -9999 75 75 75 75 75 75 75 72 58 43 29 25 25 25 25 25 25 25 25 25 25 25 25 25 25 25 25 25 25 25 25 25 37 35 32 29 27 25 25 25 -9999 -9999 -9999 25 25 25 25 25 31 43 50 45 31 25 25 25 25 25 25 25 25
-9999 -9999 -9999 -9999 -9999 -9999 -9999 -9999 -9999 -9999 -9999 -9999 -9999 -9999 -9999 28 57 75 -9999 -9999 -9999 -9999 -9999 -9999 -9999 -9999 -9999 -9999 -9999 -9999 -9999 -9999 75 75 75 75 75 75 75 69 53 38 26 25 25 25 25 25 25 25 25 25 25 25 25 25 25 25 25 25 25 25 25 25 25 28 43 50 50 50 50 50 49 45 29 25 25 25 25 25 25 30 42 50 47 34 25 25 25 25 25 25 25 25 25 25
-9999 -9999 -9999 -9999 -9999 -9999 -9999 -9999 -9999 -9999 -9999 -9999 -9999 -9999 -9999 -9999 75 -9999 -9999 -9999 -9999 -9999 -9999 -9999 -9999 -9999 -9999 -9999 -9999 -9999 75 75 75 75 75 75 75 62 41 25 25 25 25 25 25 25 25 25 25 25 25 25 25 25 25 25 25 25 25 25 25 25 25 27 39 49 50 50 50 50 50 50 50 50 49 34 25 25 25 30 42 50 49 38 26 25 25 25 25 25 25 25 25 25 25 25
-9999 -9999 -9999 -9999 -9999 -9999 -9999 -9999 -9999 -9999 -9999 -9999 -9999 -9999 -9999 -9999 -9999 -9999 -9999 -9999 -9999 -9999 -9999 -9999 -9999 -9999 -9999 -9999 75 75 75 75 75 75 72 54 33 25 25 25 25 25 25 25 25 25 25 25 25 25 25 25 25 25 25 25 25 25 25 25 25 25 36 48 50 50 50 50 50 50 50 50 50 50 50 50 40 29 41 50 50 41 28 25 25 25 25 25 25 25 25 25 25 25 25 25
-9999 -9999 -9999 -9999 -9999 -9999 -9999 -9999 -9999 -9999 -9999 -9999 -9999 -9999 -9999 -9999 -9999 -9999 -9999 -9999 -9999 -9999 -9999 -9999 -9999 75 75 75 75 75 75 75 67 46 27 25 25 25 25 25 25 25 25 25 25 25 25 25 25 25 25 25 25 25 25 25 25 25 25 25 25 40 50 50 50 50 50 50 50 50 50 50 50 50 50 50 50 50 50 44 30 25 25 25 25 25 25 25 25 25 25 25 25 25 25 25
