TestData/Outputs_forCircuitscape/costascii.asc
ncols         395
nrows         307
xllcorner     376438.94395223
yllcorner     6365273.3688943
cellsize      25
NODATA_value  -9999
[rows 220 to 263 of 307, columns 0 to 95 of 395]
-9999 -9999 -9999 -9999 -9999 -9999 -9999 -9999 -9999 -9999 -9999 50 50 -9999 50 50 50 50 53 71 75 -9999 -9999 -9999 -9999 -9999 -9999 -9999 -9999 -9999 75 66 36 25 25 25 25 25 25 25 25 25 25 25 25 25 25 25 25 25 25 25 31 47 50 50 50 50 -9999 -9999 -9999 -9999 -9999 -9999 -9999 -9999 -9999 -9999 -9999 -9999 -9999 -9999 -9999 -9999 -9999 -9999 -9999 -9999 -9999 -9999 -9999 -9999 -9999 -9999 -9999 -9999 -9999 -9999 50 50 50 50 50 50 50 50
-9999 -9999 -9999 -9999 -9999 -9999 -9999 -9999 -9999 -9999 -9999 50 50 50 50 50 50 50 50 50 61 -9999 -9999 -9999 -9999 -9999 -9999 -9999 -9999 -9999 -9999 -9999 -9999 55 26 25 25 25 25 25 25 25 25 25 25 25 25 25 25 25 25 38 49 50 -9999 -9999 50 50 -9999 -9999 -9999 -9999 -9999 -9999 -9999 -9999 -9999 -9999 -9999 -9999 -9999 -9999 -9999 -9999 -9999 -9999 -9999 -9999 -9999 -9999 -9999 -9999 -9999 -9999 -9999 25 38 50 50 50 50 50 50 50 50 50
-9999 -9999 -9999 -9999 -9999 -9999 -9999 -9999 -9999 -9999 -9999 -9999 50 50 50 50 50 50 50 50 50 -9999 -9999 -9999 -9999 -9999 -9999 -9999 -9999 -9999 -9999 -9999 -9999 -9999 66 31 25 25 25 25 25 25 25 25 25 25 25 25 25 28 45 50 -9999 -9999 -9999 -9999 -9999 -9999 -9999 -9999 -9999 -9999 -9999 -9999 -9999 -9999 -9999 -9999 -9999 -9999 -9999 -9999 -9999 -9999 -9999 -9999 -9999 -9999 -9999 -9999 -9999 25 -9999 -9999 -9999 25 26 35 43 49 50 50 50 50 50 50
-9999 -9999 -9999 -9999 -9999 -9999 -9999 -9999 -9999 -9999 -9999 -9999 50 50 50 50 50 50 50 50 50 -9999 -9999 75 75 75 75 75 75 75 -9999 -9999 -9999 -9999 -9999 -9999 38 25 25 25 25 25 25 25 25 25 25 25 34 48 50 -9999 -9999 -9999 50 50 50 -9999 -9999 -9999 -9999 -9999 50 -9999 -9999 -9999 -9999 -9999 -9999 -9999 -9999 -9999 -9999 -9999 -9999 -9999 -9999 -9999 -9999 -9999 25 25 25 -9999 -9999 -9999 25 25 25 26 33 47 50 50 50 -9999
-9999 -9999 -9999 -9999 -9999 -9999 -9999 -9999 -9999 -9999 -9999 -9999 50 50 50 50 50 50 50 50 -9999 -9999 -9999 61 74 75 75 75 75 75 -9999 -9999 -9999 -9999 -9999 -9999 -9999 -9999 -9999 25 25 25 25 25 25 25 26 41 50 50 50 50 -9999 -9999 50 50 50 50 50 -9999 -9999 50 50 49 -9999 -9999 -9999 -9999 -9999 -9999 -9999 -9999 -9999 -9999 -9999 -9999 -9999 -9999 -9999 25 25 25 25 25 25 -9999 -9999 25 25 25 25 27 45 50 50 50
-9999 -9999 -9999 -9999 -9999 -9999 -9999 -9999 -9999 -9999 -9999 -9999 50 50 50 50 50 50 50 50 50 -9999 -9999 50 52 66 75 75 75 75 -9999 -9999 -9999 -9999 -9999 -9999 -9999 -9999 -9999 -9999 -9999 25 25 25 25 25 38 50 50 50 50 50 -9999 -9999 50 50 50 50 50 50 50 50 50 50 49 -9999 -9999 -9999 -9999 -9999 -9999 -9999 25 25 25 -9999 -9999 -9999 -9999 25 25 25 25 25 25 -9999 -9999 -9999 25 25 25 25 25 41 50 50
-9999 -9999 -9999 -9999 -9999 -9999 -9999 -9999 -9999 -9999 -9999 -9999 50 50 50 50 50 50 50 50 50 -9999 -9999 50 50 50 53 62 67 71 75 75 -9999 -9999 -9999 -9999 -9999 -9999 -9999 -9999 -9999 -9999 -9999 25 25 25 27 49 50 50 50 50 -9999 -9999 -9999 50 50 50 50 50 50 50 50 50 50 -9999 -9999 -9999 -9999 -9999 -9999 -9999 25 25 25 -9999 -9999 -9999 -9999 25 25 25 25 25 25 -9999 -9999 -9999 25 25 25 25 25 25 37 49
-9999 -9999 -9999 -9999 -9999 -9999 -9999 -9999 -9999 -9999 -9999 -9999 50 50 50 50 50 50 50 50 50 -9999 -9999 50 50 50 50 50 50 50 66 75 75 -9999 -9999 -9999 -9999 -9999 -9999 -9999 -9999 -9999 -9999 -9999 -9999 25 25 37 50 50 50 50 50 -9999 50 50 50 50 50 50 50 50 50 50 50 50 -9999 -9999 -9999 -9999 -9999 -9999 25 25 25 -9999 -9999 -9999 -9999 25 25 25 25 25 25 25 -9999 -9999 25 25 25 -9999 -9999 -9999 -9999 25
-9999 -9999 -9999 -9999 -9999 -9999 -9999 -9999 -9999 -9999 -9999 -9999 50 50 50 50 50 50 50 50 50 50 50 50 50 50 50 50 50 50 50 68 75 75 -9999 -9999 -9999 -9999 -9999 -9999 -9999 -9999 -9999 -9999 -9999 -9999 33 26 48 50 50 50 50 50 50 50 50 50 50 50 50 50 50 50 50 50 -9999 -9999 -9999 -9999 -9999 -9999 -9999 25 -9999 -9999 -9999 -9999 -9999 25 25 25 25 25 25 25 25 25 -9999 -9999 -9999 -9999 -9999 -9999 -9999 25
-9999 -9999 -9999 -9999 -9999 -9999 -9999 -9999 -9999 -9999 -9999 -9999 50 50 50 50 50 50 50 50 50 50 50 50 50 50 50 50 50 50 50 51 71 75 75 -9999 -9999 -9999 -9999 -9999 -9999 -9999 -9999 -9999 -9999 -9999 -9999 58 51 50 50 50 50 50 50 50 50 50 -9999 -9999 50 50 50 50 50 -9999 -9999 -9999 -9999 -9999 -9999 -9999 -9999 -9999 -9999 -9999 -9999 -9999 -9999 25 25 25 25 25 25 25 25 25 25 -9999 -9999 -9999 -9999 -9999 -9999 25
-9999 -9999 -9999 -9999 -9999 -9999 -9999 -9999 -9999 -9999 -9999 -9999 50 50 50 50 50 50 50 50 50 50 50 50 50 50 50 50 50 50 50 50 53 72 75 -9999 -9999 -9999 -9999 -9999 -9999 -9999 -9999 -9999 -9999 -9999 -9999 -9999 69 51 50 50 50 50 50 50 50 50 -9999 -9999 -9999 50 -9999 50 50 50 50 -9999 -9999 -9999 -9999 -9999 25 -9999 -9999 -9999 -9999 -9999 -9999 -9999 25 25 25 25 25 25 25 25 25 -9999 -9999 -9999 -9999 -9999 -9999 25
-9999 -9999 -9999 -9999 -9999 -9999 -9999 -9999 -9999 -9999 -9999 -9999 50 50 50 50 50 50 50 50 -9999 -9999 50 50 50 50 50 50 50 50 50 50 50 55 74 -9999 -9999 -9999 -9999 -9999 -9999 -9999 -9999 -9999 -9999 -9999 -9999 -9999 -9999 69 51 50 50 50 50 50 50 50 -9999 -9999 -9999 -9999 -9999 50 50 50 50 50 -9999 -9999 -9999 25 25 25 -9999 -9999 -9999 -9999 -9999 -9999 -9999 25 25 25 25 25 25 25 -9999 -9999 -9999 -9999 -9999 -9999 -9999 -9999
-9999 -9999 -9999 -9999 -9999 -9999 -9999 -9999 -9999 -9999 -9999 -9999 50 50 50 50 50 50 50 50 -9999 -9999 50 50 50 50 50 50 50 50 50 50 50 50 58 74 -9999 -9999 -9999 -9999 -9999 -9999 -9999 -9999 -9999 -9999 -9999 -9999 -9999 -9999 69 51 50 50 50 50 50 50 50 -9999 -9999 -9999 -9999 50 50 50 50 50 50 -9999 -9999 35 25 25 25 -9999 -9999 -9999 -9999 -9999 -9999 -9999 -9999 -9999 -9999 -9999 -9999 -9999 -9999 -9999 -9999 -9999 -9999 -9999 -9999 -9999
-9999 -9999 -9999 -9999 -9999 -9999 -9999 -9999 -9999 -9999 -9999 -9999 46 50 50 50 50 50 50 50 50 -9999 50 50 50 50 50 50 50 50 50 50 50 50 50 62 75 75 -9999 -9999 -9999 -9999 -9999 -9999 -9999 -9999 -9999 -9999 -9999 -9999 75 69 51 50 50 50 50 50 50 -9999 -9999 -9999 -9999 50 50 50 50 50 -9999 -9999 -9999 48 25 25 25 -9999 -9999 -9999 -9999 -9999 -9999 -9999 -9999 -9999 -9999 -9999 -9999 -9999 -9999 -9999 -9999 -9999 -9999 -9999 -9999 -9999
-9999 -9999 -9999 -9999 -9999 -9999 -9999 -9999 -9999 -9999 -9999 -9999 36 50 50 50 50 50 50 50 50 50 50 50 50 50 50 50 50 50 50 50 50 50 50 50 65 75 75 -9999 -9999 -9999 -9999 -9999 -9999 -9999 -9999 -9999 -9999 -9999 -9999 75 69 51 50 50 50 50 50 50 50 -9999 -9999 -9999 50 50 50 50 -9999 -9999 -9999 35 25 25 25 -9999 -9999 -9999 -9999 -9999 -9999 -9999 -9999 -9999 -9999 -9999 -9999 -9999 -9999 -9999 -9999 -9999 -9999 -9999 -9999 -9999
-9999 -9999 -9999 -9999 -9999 -9999 -9999 -9999 -9999 -9999 -9999 -9999 27 49 50 50 50 50 50 50 50 50 50 50 50 50 50 50 50 50 50 50 50 50 50 50 50 68 75 75 -9999 -9999 -9999 -9999 -9999 -9999 -9999 -9999 -9999 -9999 -9999 -9999 75 69 51 50 50 50 50 50 50 -9999 -9999 50 50 50 50 -9999 -9999 -9999 42 25 25 25 25 25 -9999 -9999 -9999 -9999 -9999 -9999 -9999 -9999 -9999 -9999 -9999 -9999 -9999 -9999 -9999 -9999 -9999 -9999 -9999 -9999
-9999 -9999 -9999 -9999 -9999 -9999 -9999 -9999 -9999 -9999 -9999 -9999 25 42 50 50 50 50 50 50 50 50 50 50 50 50 50 50 50 50 50 50 50 50 50 50 50 51 70 75 75 -9999 -9999 -9999 -9999 -9999 -9999 -9999 -9999 -9999 -9999 -9999 -9999 75 69 51 50 50 50 50 50 50 50 50 50 50 -9999 -9999 -9999 -9999 27 25 25 25 25 25 -9999 -9999 -9999 -9999 -9999 25 -9999 -9999 -9999 -9999 -9999 -9999 -9999 -9999 -9999 -9999 -9999 -9999 -9999 -9999
-9999 -9999 -9999 -9999 -9999 -9999 -9999 -9999 -9999 -9999 -9999 -9999 25 33 50 50 50 50 50 50 50 50 50 50 50 50 50 50 50 50 50 50 50 50 50 50 50 50 53 72 75 75 -9999 -9999 -9999 -9999 -9999 -9999 -9999 -9999 -9999 -9999 -9999 -9999 -9999 69 51 50 50 50 50 50 50 50 50 50 -9999 -9999 50 32 25 25 25 25 25 -9999 -9999 -9999 -9999 25 25 25 25 -9999 -9999 -9999 -9999 -9999 -9999 -9999 -9999 -9999 -9999 -9999 -9999 -9999
-9999 -9999 -9999 -9999 -9999 -9999 -9999 -9999 -9999 -9999 -9999 -9999 25 25 48 50 50 50 50 50 -9999 -9999 50 50 50 50 50 50 50 -9999 50 50 50 50 -9999 50 50 50 50 55 74 75 75 -9999 -9999 -9999 -9999 -9999 -9999 -9999 -9999 -9999 -9999 -9999 -9999 -9999 69 51 50 50 50 50 50 50 50 50 -9999 50 39 25 25 -9999 -9999 -9999 -9999 -9999 25 25 25 25 25 25 25 25 -9999 -9999 -9999 -9999 -9999 -9999 -9999 -9999 -9999 -9999 -9999 25
-9999 -9999 -9999 -9999 -9999 -9999 -9999 -9999 -9999 -9999 -9999 -9999 25 25 39 50 50 50 50 50 -9999 -9999 50 50 50 50 50 50 50 50 50 50 50 50 -9999 50 50 50 50 50 57 74 75 75 -9999 -9999 -9999 -9999 -9999 -9999 -9999 -9999 -9999 -9999 -9999 -9999 -9999 69 51 50 50 50 50 50 50 50 50 45 25 25 25 25 -9999 -9999 -9999 25 25 25 25 25 25 25 25 25 25 -9999 -9999 -9999 -9999 -9999 -9999 -9999 -9999 -9999 25 25
-9999 -9999 -9999 -9999 -9999 -9999 -9999 -9999 -9999 -9999 -9999 -9999 -9999 25 29 50 50 50 50 50 50 -9999 -9999 50 50 50 50 50 50 -9999 50 50 50 50 50 50 50 50 50 50 50 61 75 75 75 -9999 -9999 -9999 -9999 -9999 -9999 -9999 -9999 -9999 -9999 -9999 -9999 -9999 -9999 51 50 50 50 50 50 50 49 29 25 25 25 25 -9999 -9999 -9999 25 25 25 25 25 25 25 25 25 25 25 -9999 -9999 -9999 -9999 -9999 -9999 -9999 -9999 25 25
-9999 -9999 -9999 -9999 -9999 -9999 -9999 -9999 -9999 -9999 -9999 -9999 -9999 25 25 45 50 50 50 50 50 -9999 -9999 50 50 50 50 50 50 -9999 -9999 -9999 50 50 50 50 50 50 50 50 50 50 68 75 75 -9999 -9999 -9999 -9999 -9999 -9999 -9999 -9999 -9999 -9999 -9999 -9999 -9999 -9999 70 53 50 50 50 50 50 37 25 25 25 25 25 -9999 -9999 -9999 -9999 25 25 25 25 25 25 25 25 25 25 25 -9999 -9999 -9999 -9999 -9999 -9999 -9999 -9999 25
-9999 -9999 -9999 -9999 -9999 -9999 -9999 -9999 -9999 -9999 -9999 -9999 -9999 25 25 35 50 50 50 50 50 50 50 50 50 50 50 50 50 -9999 -9999 -9999 -9999 -9999 50 50 50 50 50 50 50 50 53 73 75 75 -9999 -9999 -9999 -9999 -9999 -9999 -9999 -9999 -9999 -9999 -9999 -9999 -9999 -9999 73 57 50 50 50 49 27 25 25 25 25 25 25 25 25 25 25 25 25 25 25 25 25 25 25 25 25 25 25 -9999 -9999 -9999 -9999 -9999 25 25
-9999 -9999 -9999 -9999 -9999 -9999 -9999 -9999 -9999 -9999 -9999 -9999 -9999 25 25 26 49 50 50 50 50 50 50 50 -9999 -9999 -9999 -9999 -9999 -9999 50 -9999 -9999 -9999 50 50 50 50 50 50 50 50 50 59 75 75 75 -9999 -9999 -9999 -9999 -9999 -9999 -9999 -9999 -9999 -9999 -9999 -9999 -9999 -9999 75 62 31 30 29 25 25 25 25 25 25 25 25 25 25 25 25 25 25 25 25 25 25 25 25 25 25 25 25 -9999 -9999 -9999 -9999 25 25
-9999 -9999 -9999 -9999 -9999 -9999 -9999 -9999 -9999 -9999 -9999 -9999 -9999 25 25 25 41 50 50 50 50 50 50 50 -9999 -9999 -9999 -9999 -9999 50 50 50 -9999 50 50 50 50 50 50 50 50 50 50 50 67 75 75 75 -9999 -9999 -9999 -9999 -9999 -9999 -9999 -9999 -9999 -9999 -9999 -9999 -9999 75 75 50 25 25 25 25 25 25 25 25 25 25 25 25 25 25 25 25 25 25 25 25 25 25 25 25 25 25 25 -9999 -9999 25 25 25
-9999 -9999 -9999 -9999 -9999 -9999 -9999 -9999 -9999 -9999 -9999 -9999 -9999 25 25 25 32 50 50 50 50 50 50 50 -9999 -9999 -9999 -9999 -9999 50 50 50 50 50 50 50 50 -9999 -9999 50 50 50 50 50 52 73 75 75 75 -9999 -9999 -9999 -9999 -9999 -9999 -9999 -9999 -9999 -9999 -9999 -9999 -9999 75 74 49 25 25 25 25 25 25 25 25 25 25 25 25 25 25 25 25 25 25 25 25 25 25 25 25 25 25 25 25 25 25 25
-9999 -9999 -9999 -9999 -9999 -9999 -9999 -9999 -9999 -9999 -9999 -9999 -9999 25 25 25 25 47 50 50 50 50 50 -9999 -9999 -9999 -9999 -9999 -9999 -9999 -9999 -9999 50 50 50 50 50 50 50 50 50 50 50 50 50 58 75 75 75 75 -9999 -9999 -9999 -9999 -9999 -9999 -9999 -9999 -9999 -9999 -9999 -9999 -9999 75 75 64 33 25 25 25 25 25 25 25 25 25 25 25 25 25 25 25 25 25 25 25 25 25 25 25 25 25 25 25 25 25
-9999 -9999 -9999 -9999 -9999 -9999 -9999 -9999 -9999 -9999 -9999 -9999 -9999 25 25 25 25 39 50 50 50 50 50 -9999 -9999 -9999 -9999 -9999 -9999 -9999 -9999 -9999 50 50 50 50 50 50 50 50 50 50 50 50 50 50 65 75 75 75 75 -9999 -9999 -9999 -9999 -9999 -9999 -9999 -9999 -9999 -9999 -9999 -9999 -9999 -9999 75 73 39 25 25 25 25 25 25 25 25 25 25 25 25 25 25 25 25 25 25 25 25 25 25 25 25 25 25 25 25
-9999 -9999 -9999 -9999 -9999 -9999 -9999 -9999 -9999 -9999 -9999 -9999 -9999 25 25 25 25 29 50 50 50 50 50 -9999 -9999 -9999 -9999 -9999 -9999 -9999 -9999 50 50 50 50 50 50 50 50 50 50 50 50 50 50 50 51 72 75 75 75 -9999 -9999 -9999 -9999 -9999 -9999 -9999 -9999 -9999 -9999 -9999 -9999 -9999 -9999 -9999 75 74 43 25 25 25 25 25 25 25 25 25 25 25 25 25 25 25 25 25 25 25 25 25 25 25 25 25 25 25
-9999 -9999 -9999 -9999 -9999 -9999 -9999 -9999 -9999 -9999 -9999 -9999 -9999 25 25 25 25 25 45 50 50 50 50 -9999 -9999 -9999 -9999 -9999 50 50 50 50 50 50 50 50 50 50 50 50 50 50 50 50 50 50 50 56 75 75 75 75 -9999 -9999 -9999 -9999 -9999 -9999 -9999 -9999 -9999 -9999 -9999 -9999 -9999 -9999 -9999 75 75 48 25 25 25 25 25 25 25 25 25 25 25 25 25 25 25 25 25 25 25 25 25 25 25 25 25 25
-9999 -9999 -9999 -9999 -9999 -9999 -9999 -9999 -9999 -9999 -9999 -9999 -9999 25 25 25 25 25 36 50 50 50 50 50 -9999 -9999 -9999 50 50 50 50 50 50 50 50 50 50 50 50 50 50 50 50 50 50 50 50 50 68 75 75 75 75 -9999 -9999 -9999 -9999 -9999 -9999 -9999 -9999 -9999 -9999 -9999 -9999 -9999 -9999 -9999 75 75 52 25 25 25 25 25 25 25 25 25 25 25 25 25 25 25 25 25 25 25 25 25 25 25 25 25
-9999 -9999 -9999 -9999 -9999 -9999 -9999 -9999 -9999 -9999 -9999 -9999 -9999 25 25 25 25 25 27 49 50 50 50 50 -9999 -9999 -9999 50 50 50 50 50 50 50 50 50 50 50 50 50 50 50 50 50 50 50 50 50 65 75 75 75 75 -9999 -9999 75 -9999 -9999 -9999 -9999 -9999 -9999 -9999 -9999 -9999 -9999 -9999 -9999 -9999 75 75 57 26 25 25 25 25 25 25 25 25 25 25 25 25 25 25 25 25 25 25 25 25 25 25 25
-9999 -9999 -9999 -9999 -9999 -9999 -9999 -9999 -9999 -9999 -9999 -9999 -9999 25 25 25 25 25 25 43 50 50 50 50 -9999 -9999 -9999 50 50 50 -9999 -9999 -9999 50 50 50 50 50 50 50 50 50 50 50 50 50 50 50 66 75 75 75 75 75 75 75 75 75 -9999 -9999 -9999 -9999 -9999 -9999 -9999 -9999 -9999 -9999 -9999 -9999 -9999 75 61 28 25 25 25 25 25 25 25 25 25 25 25 25 25 25 25 25 25 25 25 25 25 25
-9999 -9999 -9999 -9999 -9999 -9999 -9999 -9999 -9999 -9999 -9999 -9999 -9999 25 -9999 25 25 25 25 33 50 50 50 50 50 -9999 -9999 50 50 50 -9999 -9999 -9999 50 50 50 50 50 50 50 50 50 50 50 50 50 53 62 75 75 75 75 75 75 75 69 59 73 75 -9999 -9999 -9999 -9999 -9999 -9999 -9999 -9999 -9999 -9999 -9999 -9999 -9999 -9999 64 29 25 25 25 25 25 25 25 25 25 25 25 25 25 25 25 25 25 25 25 25 25
-9999 -9999 -9999 -9999 -9999 -9999 -9999 -9999 -9999 -9999 -9999 -9999 -9999 -9999 -9999 -9999 25 25 25 25 48 50 50 50 50 50 -9999 50 50 50 50 50 50 50 50 50 50 50 50 50 50 50 55 65 69 74 75 75 75 75 75 75 75 75 71 32 25 43 75 -9999 -9999 -9999 -9999 -9999 -9999 -9999 -9999 -9999 -9999 -9999 -9999 -9999 -9999 -9999 68 39 25 25 25 25 25 25 25 25 25 25 25 25 25 25 25 25 25 25 25 25
-9999 -9999 -9999 -9999 -9999 -9999 -9999 -9999 -9999 -9999 -9999 -9999 -9999 -9999 25 -9999 -9999 25 25 25 40 50 50 50 50 -9999 -9999 50 50 50 50 50 50 50 50 50 50 50 50 50 52 68 75 75 75 74 70 70 75 75 75 75 75 73 37 25 25 25 55 75 -9999 -9999 -9999 -9999 -9999 -9999 -9999 -9999 -9999 -9999 -9999 -9999 -9999 -9999 -9999 75 57 29 25 25 25 25 25 25 25 25 25 25 25 25 25 25 25 25 25 25
-9999 -9999 -9999 -9999 -9999 -9999 -9999 -9999 -9999 -9999 -9999 -9999 -9999 43 25 25 25 25 25 25 31 50 50 50 50 50 -9999 -9999 50 50 50 50 50 50 50 50 50 50 50 55 72 75 66 39 25 25 25 25 70 75 75 75 65 36 25 25 25 25 30 75 75 -9999 75 75 75 -9999 -9999 -9999 -9999 -9999 -9999 -9999 -9999 -9999 -9999 -9999 75 71 46 28 25 25 25 25 25 25 25 25 25 25 25 25 25 25 25 25
-9999 -9999 -9999 -9999 -9999 -9999 -9999 -9999 -9999 -9999 -9999 -9999 -9999 -9999 26 25 -9999 -9999 25 25 25 46 50 50 50 50 -9999 -9999 50 50 50 50 50 50 50 50 50 50 58 74 75 60 25 25 25 25 25 26 73 75 75 61 25 25 25 25 25 25 25 65 75 75 75 75 75 75 75 -9999 -9999 -9999 -9999 -9999 -9999 -9999 -9999 -9999 -9999 -9999 75 73 59 41 26 25 25 25 25 25 25 25 25 25 25 25 25 25
-9999 -9999 -9999 -9999 -9999 -9999 -9999 -9999 -9999 -9999 -9999 -9999 -9999 -9999 32 25 -9999 -9999 25 25 25 37 50 50 50 50 -9999 -9999 50 50 50 50 50 50 50 50 50 50 66 75 65 27 25 25 25 25 25 35 75 75 75 50 25 25 25 25 25 25 25 51 75 75 75 75 75 75 75 75 75 75 -9999 -9999 -9999 -9999 -9999 -9999 -9999 -9999 -9999 -9999 75 75 73 62 52 50 50 50 46 45 45 45 43 48 58 67
-9999 -9999 -9999 -9999 -9999 -9999 -9999 -9999 -9999 -9999 -9999 -9999 -9999 -9999 -9999 -9999 -9999 -9999 25 25 25 28 50 50 50 50 -9999 -9999 50 50 50 -9999 -9999 -9999 50 50 50 50 70 71 30 25 25 25 25 25 25 46 75 75 75 53 25 25 25 25 25 25 25 48 75 75 75 49 42 67 75 75 75 75 75 75 -9999 -9999 -9999 -9999 -9999 -9999 -9999 -9999 -9999 -9999 75 75 75 75 75 75 75 75 75 75 75 75 75 75
-9999 -9999 -9999 -9999 -9999 -9999 -9999 -9999 -9999 -9999 -9999 -9999 -9999 -9999 -9999 -9999 -9999 -9999 -9999 25 25 25 44 50 50 50 50 50 50 50 50 -9999 -9999 -9999 50 50 50 50 73 50 25 25 25 25 25 25 25 57 75 75 75 50 25 25 25 25 25 25 25 56 75 75 62 25 25 26 48 73 75 75 75 75 75 75 75 -9999 -9999 -9999 -9999 -9999 -9999 -9999 -9999 -9999 -9999 75 75 75 75 75 75 75 75 -9999 -9999 -9999
-9999 -9999 -9999 -9999 -9999 -9999 -9999 -9999 -9999 -9999 -9999 -9999 -9999 -9999 -9999 -9999 -9999 -9999 -9999 25 25 25 35 50 50 50 50 50 50 50 50 -9999 -9999 -9999 50 50 50 52 75 29 25 25 25 25 25 25 25 68 75 75 75 47 25 25 25 25 25 25 25 64 75 75 50 25 25 25 25 31 56 72 75 75 75 75 75 75 75 75 75 75 75 -9999 -9999 -9999 -9999 -9999 -9999 -9999 -9999 -9999 -9999 -9999 -9999 -9999 -9999 -9999
-9999 -9999 -9999 -9999 -9999 -9999 -9999 -9999 -9999 -9999 -9999 -9999 -9999 -9999 -9999 -9999 -9999 -9999 -9999 25 25 25 26 49 50 50 50 50 50 50 50 -9999 -9999 -9999 -9999 50 50 56 75 30 25 25 25 25 25 25 29 75 75 75 75 45 25 25 25 25 25 25 51 75 75 75 50 25 25 25 25 25 25 26 38 52 67 75 75 75 75 75 75 75 75 75 75 75 75 -9999 -9999 -9999 -9999 -9999 -9999 -9999 -9999 -9999 -9999 -9999
-9999 -9999 -9999 -9999 -9999 -9999 -9999 -9999 -9999 -9999 -9999 -9999 -9999 -9999 -9999 -9999 -9999 -9999 -9999 25 25 25 25 41 50 50 50 50 50 50 -9999 -9999 -9999 -9999 -9999 50 50 57 75 34 25 25 25 25 25 25 39 75 75 75 75 41 25 25 25 25 25 25 52 75 -9999 -9999 50 25 25 25 25 25 25 25 25 25 25 32 45 53 62 72 75 75 75 75 75 75 75 75 75 75 75 75 75 -9999 -9999 -9999 -9999 -9999
